Current population:
[[0.69846225 0.39224553]
 [0.622318   0.76737225]
 [0.9773458  0.68891275]
 [0.67447484 0.81175256]
 [0.5002744  0.23192239]
 [0.79761326 0.29933143]
 [0.3669783  0.33484983]
 [0.7478945  0.12797499]
 [0.37997437 0.02747166]
 [0.0175662  0.7189661 ]]
********************
Scores: [25105 27700 39355 34730 18055 31175 17160 26660 27890 21595]
Best score: 39355
Selected population:
[[0.622318   0.76737225]
 [0.37997437 0.02747166]
 [0.79761326 0.29933143]
 [0.67447484 0.81175256]
 [0.9773458  0.68891275]]
Next generation:
[[0.9773458  0.76737225]
 [0.67447484 0.68891275]
 [0.622318   0.81175256]
 [0.9773458  0.02747166]
 [0.         1.        ]
 [0.67447484 0.29933143]
 [0.37997437 0.68891275]
 [0.9773458  0.29933143]
 [0.79761326 0.02747166]
 [0.67447484 0.29933143]]
********************
Scores: [40140 28275 27560 38285 22445 18050 10055 36135 28710 18050]
Best score: 40140
Selected population:
[[0.67447484 0.68891275]
 [0.79761326 0.02747166]
 [0.9773458  0.29933143]
 [0.9773458  0.02747166]
 [0.9773458  0.76737225]]
Next generation:
[[1.         1.        ]
 [1.         0.32742777]
 [0.79761326 0.02747166]
 [0.9773458  0.02747166]
 [0.9773458  0.02747166]
 [0.8241103  0.04436457]
 [0.79761326 0.68891275]
 [0.67447484 0.29933143]
 [0.79761326 0.02747166]
 [0.9773458  0.76737225]]
********************
Scores: [43200 33780 17160 32315 32315 22045 32865 10485 17160 39070]
Best score: 43200
Selected population:
[[0.9773458  0.02747166]
 [0.79761326 0.68891275]
 [1.         0.32742777]
 [0.9773458  0.76737225]
 [1.         1.        ]]
Next generation:
[[1.         1.        ]
 [1.         0.68891275]
 [1.         0.68891275]
 [1.         0.02747166]
 [1.         0.68891275]
 [1.         0.68891275]
 [0.9773458  0.02747166]
 [0.         0.        ]
 [1.         0.98949313]
 [1.         0.02747166]]
********************
Scores: [42040 29715 29715 18420 29715 29715 15150 26015 38795 18420]
Best score: 42040
Selected population:
[[1.         0.68891275]
 [1.         0.68891275]
 [1.         0.68891275]
 [1.         0.98949313]
 [1.         1.        ]]
Next generation:
[[1.         0.98949313]
 [1.         0.68891275]
 [1.         1.        ]
 [0.         0.7423086 ]
 [1.         0.68891275]
 [0.66840464 1.        ]
 [1.         1.        ]
 [1.         0.68891275]
 [1.         0.68891275]
 [1.         0.68891275]]
********************
Scores: [35140 23580 40175 33515 23580  9230 40175 23580 23580 23580]
Best score: 40175
Selected population:
[[1.         0.68891275]
 [0.         0.7423086 ]
 [1.         0.98949313]
 [1.         1.        ]
 [1.         1.        ]]
Next generation:
[[1.         1.        ]
 [1.         0.8880049 ]
 [1.         0.7423086 ]
 [1.         0.7423086 ]
 [0.         1.        ]
 [0.         1.        ]
 [1.         0.7423086 ]
 [1.         0.7423086 ]
 [1.         0.68891275]
 [1.         0.7423086 ]]
********************
Scores: [38625 34860 22840 22840 24595 24595 22840 22840 23850 22840]
Best score: 38625
Selected population:
[[1.         0.68891275]
 [0.         1.        ]
 [0.         1.        ]
 [1.         0.8880049 ]
 [1.         1.        ]]
Next generation:
[[1.         0.8880049 ]
 [0.61952364 1.        ]
 [1.         1.        ]
 [1.         1.        ]
 [0.         0.8880049 ]
 [1.         1.        ]
 [0.         0.68891275]
 [1.         0.68891275]
 [1.         0.8880049 ]
 [1.         1.        ]]
********************
Scores: [23425 11035 34205 34205 30270 34205 31390 19670 23425 34205]
Best score: 34205
Selected population:
[[0.         0.68891275]
 [1.         1.        ]
 [1.         1.        ]
 [1.         1.        ]
 [1.         1.        ]]
Next generation:
[[1.         1.        ]
 [1.         1.        ]
 [1.         0.68891275]
 [1.         0.68891275]
 [1.         1.        ]
 [0.         1.        ]
 [1.         0.68891275]
 [1.         1.        ]
 [0.         1.        ]
 [1.         1.        ]]
********************
Scores: [35865 35865 19255 19255 35865 25980 19255 35865 25980 35865]
Best score: 35865
Selected population:
[[1. 1.]
 [1. 1.]
 [1. 1.]
 [1. 1.]
 [1. 1.]]
Next generation:
[[1.        1.       ]
 [1.        1.       ]
 [1.        1.       ]
 [1.        0.7081132]
 [1.        1.       ]
 [1.        1.       ]
 [1.        1.       ]
 [1.        1.       ]
 [1.        1.       ]
 [1.        1.       ]]
********************
Scores: [36420 36420 36420 12970 36420 36420 36420 36420 36420 36420]
Best score: 36420
Selected population:
[[1. 1.]
 [1. 1.]
 [1. 1.]
 [1. 1.]
 [1. 1.]]
Next generation:
[[1. 1.]
 [1. 1.]
 [1. 1.]
 [1. 1.]
 [1. 1.]
 [1. 1.]
 [1. 1.]
 [1. 1.]
 [1. 1.]
 [1. 1.]]
********************
Scores: [35400 35400 35400 35400 35400 35400 35400 35400 35400 35400]
Best score: 35400
Selected population:
[[1. 1.]
 [1. 1.]
 [1. 1.]
 [1. 1.]
 [1. 1.]]
Next generation:
[[1. 1.]
 [1. 1.]
 [1. 1.]
 [1. 1.]
 [1. 1.]
 [1. 1.]
 [1. 1.]
 [1. 1.]
 [1. 1.]
 [1. 1.]]
Best mechanism: [1. 1.]
Time taken: 18719.783638477325 seconds
