Current population:
[[0.69846225 0.39224553]
 [0.622318   0.76737225]
 [0.9773458  0.68891275]
 [0.67447484 0.81175256]
 [0.5002744  0.23192239]
 [0.79761326 0.29933143]
 [0.3669783  0.33484983]
 [0.7478945  0.12797499]
 [0.37997437 0.02747166]
 [0.0175662  0.7189661 ]]
********************
Scores: [30235 34045 42230 37145 31120 36805 28950 36780 38400 30360]
Best score: 42230
Selected population:
[[0.79761326 0.29933143]
 [0.67447484 0.81175256]
 [0.37997437 0.02747166]
 [0.9773458  0.68891275]]
Next generation:
[[0.9773458  0.68891275]
 [0.9773458  0.68891275]
 [0.67447484 0.29933143]
 [0.72484803 0.89313483]
 [0.5542878  0.41273648]
 [0.79761326 0.02747166]
 [0.1830711  0.3644446 ]
 [0.76783985 0.40170223]
 [0.79761326 0.68891275]
 [0.851252   0.0051125 ]]
********************
Scores: [42445 42445 23405 36820 21535 33650 32050 30360 37140 35550]
Best score: 42445
Selected population:
[[0.72484803 0.89313483]
 [0.79761326 0.68891275]
 [0.9773458  0.68891275]
 [0.9773458  0.68891275]]
Next generation:
[[0.9773458  0.68891275]
 [0.9773458  0.68891275]
 [1.         0.88424456]
 [0.9773458  0.89313483]
 [1.         0.75979185]
 [1.         0.9531261 ]
 [0.7459021  0.6446197 ]
 [0.9773458  0.68891275]
 [0.9773458  0.68891275]
 [1.         0.5443112 ]]
********************
Scores: [26880 26880 45055 41800 36655 47825 12740 26880 26880 21690]
Best score: 47825
Selected population:
[[1.         0.75979185]
 [0.9773458  0.89313483]
 [1.         0.88424456]
 [1.         0.9531261 ]]
Next generation:
[[1.         0.9531261 ]
 [1.         0.9531261 ]
 [1.         0.7955715 ]
 [1.         1.        ]
 [1.         0.7035647 ]
 [0.9746615  0.8660791 ]
 [1.         0.75979185]
 [0.9468274  0.95295453]
 [1.         0.9531261 ]
 [0.72548676 0.8958779 ]]
********************
Scores: [42115 42115 28380 47575 27430 32070 27695 32570 42115 12230]
Best score: 47575
Selected population:
[[1.        0.9531261]
 [1.        0.9531261]
 [1.        0.9531261]
 [1.        1.       ]]
Next generation:
[[1.         0.9531261 ]
 [1.         0.9531261 ]
 [1.         1.        ]
 [1.         0.9531261 ]
 [0.89326555 0.883098  ]
 [0.7882906  0.8011483 ]
 [1.         1.        ]
 [0.99784184 1.        ]
 [1.         0.9531261 ]
 [1.         0.9531261 ]]
********************
Scores: [37210 37210 42985 37210 18555 11630 42985 42290 37210 37210]
Best score: 42985
Selected population:
[[1.         0.9531261 ]
 [0.99784184 1.        ]
 [1.         1.        ]
 [1.         1.        ]]
Next generation:
[[1.         1.        ]
 [1.         1.        ]
 [1.         0.8802636 ]
 [0.796033   1.        ]
 [1.         1.        ]
 [0.93368095 1.        ]
 [0.7885394  1.        ]
 [1.         0.9531261 ]
 [1.         1.        ]
 [1.         1.        ]]
********************
Scores: [44805 44805 29945 15585 44805 26350 13640 39880 44805 44805]
Best score: 44805
Selected population:
[[1. 1.]
 [1. 1.]
 [1. 1.]
 [1. 1.]]
Next generation:
[[1.        1.       ]
 [1.        1.       ]
 [1.        0.8764176]
 [1.        1.       ]
 [1.        1.       ]
 [1.        1.       ]
 [1.        1.       ]
 [0.7466521 1.       ]
 [1.        1.       ]
 [0.9949621 0.8924622]]
********************
Scores: [43325 43325 27470 43325 43325 43325 43325 12035 43325 29705]
Best score: 43325
Selected population:
[[1. 1.]
 [1. 1.]
 [1. 1.]
 [1. 1.]]
Next generation:
[[1.         1.        ]
 [1.         1.        ]
 [0.91248566 0.8557534 ]
 [1.         1.        ]
 [1.         1.        ]
 [0.9239047  1.        ]
 [1.         1.        ]
 [1.         1.        ]
 [1.         1.        ]
 [0.9999804  1.        ]]
********************
Scores: [41845 41845 15450 41845 41845 22355 41845 41845 41845 36165]
Best score: 41845
Selected population:
[[1. 1.]
 [1. 1.]
 [1. 1.]
 [1. 1.]]
Next generation:
[[1.         1.        ]
 [1.         1.        ]
 [1.         1.        ]
 [0.80710894 0.98597735]
 [1.         1.        ]
 [1.         1.        ]
 [1.         1.        ]
 [1.         1.        ]
 [0.952934   1.        ]
 [1.         0.82619214]]
********************
Scores: [43680 43680 43680 13120 43680 43680 43680 43680 25125 27585]
Best score: 43680
Selected population:
[[1. 1.]
 [1. 1.]
 [1. 1.]
 [1. 1.]]
Next generation:
[[1.         1.        ]
 [1.         1.        ]
 [0.9686948  1.        ]
 [0.87876153 1.        ]
 [0.91125566 1.        ]
 [1.         1.        ]
 [1.         1.        ]
 [1.         1.        ]
 [0.82567    1.        ]
 [1.         0.9931844 ]]
********************
Scores: [43890 43890 30200 21310 26030 43890 43890 43890 15625 41655]
Best score: 43890
Selected population:
[[1. 1.]
 [1. 1.]
 [1. 1.]
 [1. 1.]]
Next generation:
[[1.         1.        ]
 [1.         1.        ]
 [0.60761976 1.        ]
 [1.         0.9416226 ]
 [1.         1.        ]
 [1.         1.        ]
 [1.         1.        ]
 [1.         1.        ]
 [1.         1.        ]
 [1.         1.        ]]
********************
Scores: [41765 41765 13560 40135 41765 41765 41765 41765 41765 41765]
Best score: 41765
Selected population:
[[1. 1.]
 [1. 1.]
 [1. 1.]
 [1. 1.]]
Next generation:
[[1.         1.        ]
 [1.         1.        ]
 [0.97729677 1.        ]
 [1.         1.        ]
 [1.         1.        ]
 [1.         1.        ]
 [1.         1.        ]
 [0.9495768  1.        ]
 [1.         1.        ]
 [1.         1.        ]]
********************
Scores: [41175 41175 28990 41175 41175 41175 41175 23180 41175 41175]
Best score: 41175
Selected population:
[[1. 1.]
 [1. 1.]
 [1. 1.]
 [1. 1.]]
Next generation:
[[1.        1.       ]
 [1.        1.       ]
 [0.8826569 1.       ]
 [1.        1.       ]
 [1.        1.       ]
 [1.        1.       ]
 [1.        1.       ]
 [1.        0.945997 ]
 [1.        1.       ]
 [0.9564165 1.       ]]
********************
Scores: [41915 41915 19135 41915 41915 41915 41915 37050 41915 25850]
Best score: 41915
Selected population:
[[1. 1.]
 [1. 1.]
 [1. 1.]
 [1. 1.]]
Next generation:
[[1.         1.        ]
 [1.         1.        ]
 [1.         1.        ]
 [1.         1.        ]
 [1.         1.        ]
 [1.         0.82064885]
 [1.         1.        ]
 [1.         1.        ]
 [1.         0.8719755 ]
 [0.90430933 1.        ]]
********************
Scores: [42755 42755 42755 42755 42755 23270 42755 42755 25160 21580]
Best score: 42755
Selected population:
[[1. 1.]
 [1. 1.]
 [1. 1.]
 [1. 1.]]
Next generation:
[[1.         1.        ]
 [1.         1.        ]
 [0.94420964 0.9838314 ]
 [1.         0.99352413]
 [1.         1.        ]
 [1.         1.        ]
 [1.         1.        ]
 [1.         0.982327  ]
 [1.         1.        ]
 [1.         1.        ]]
********************
Scores: [41675 41675 21015 45475 41675 41675 41675 36130 41675 41675]
Best score: 45475
Selected population:
[[1.         1.        ]
 [1.         1.        ]
 [1.         1.        ]
 [1.         0.99352413]]
Next generation:
[[1.         0.99352413]
 [1.         0.99352413]
 [0.7430964  1.        ]
 [0.8341497  1.        ]
 [1.         1.        ]
 [1.         0.99352413]
 [1.         0.99352413]
 [0.64273417 1.        ]
 [1.         0.9332295 ]
 [1.         1.        ]]
********************
Scores: [47535 47535 16660 21325 44060 47535 47535 11965 34290 44060]
Best score: 47535
Selected population:
[[1.         0.99352413]
 [1.         0.99352413]
 [1.         0.99352413]
 [1.         0.99352413]]
Next generation:
[[1.         0.99352413]
 [1.         0.99352413]
 [1.         0.99352413]
 [1.         0.99352413]
 [1.         0.99352413]
 [1.         0.99352413]
 [1.         1.        ]
 [1.         0.99352413]
 [1.         0.99352413]
 [1.         0.99352413]]
********************
Scores: [43640 43640 43640 43640 43640 43640 41535 43640 43640 43640]
Best score: 43640
Selected population:
[[1.         0.99352413]
 [1.         0.99352413]
 [1.         0.99352413]
 [1.         0.99352413]]
Next generation:
[[1.         0.99352413]
 [1.         0.99352413]
 [1.         0.99352413]
 [0.6509288  1.        ]
 [1.         0.99352413]
 [1.         0.99352413]
 [1.         0.99352413]
 [1.         0.8710565 ]
 [1.         0.99352413]
 [0.6147347  0.83835447]]
********************
Scores: [46135 46135 46135 17225 46135 46135 46135 29160 46135 15360]
Best score: 46135
Selected population:
[[1.         0.99352413]
 [1.         0.99352413]
 [1.         0.99352413]
 [1.         0.99352413]]
Next generation:
[[1.         0.99352413]
 [1.         0.99352413]
 [0.9889596  1.        ]
 [1.         0.99352413]
 [1.         0.99352413]
 [0.9554565  1.        ]
 [1.         0.99352413]
 [1.         0.99352413]
 [1.         0.99352413]
 [1.         0.99352413]]
********************
Scores: [43540 43540 40305 43540 43540 22500 43540 43540 43540 43540]
Best score: 43540
Selected population:
[[1.         0.99352413]
 [1.         0.99352413]
 [1.         0.99352413]
 [1.         0.99352413]]
Next generation:
[[1.         0.99352413]
 [1.         0.99352413]
 [1.         0.99352413]
 [0.92592263 0.6431798 ]
 [1.         0.9060154 ]
 [1.         0.99352413]
 [0.67447233 0.6948023 ]
 [0.82623255 0.8702753 ]
 [1.         0.99352413]
 [1.         0.99352413]]
********************
Scores: [47675 47675 47675 20220 36695 47675 13075 19450 47675 47675]
Best score: 47675
Selected population:
[[1.         0.99352413]
 [1.         0.99352413]
 [1.         0.99352413]
 [1.         0.99352413]]
Next generation:
[[1.         0.99352413]
 [1.         0.99352413]
 [1.         0.99352413]
 [0.8669546  1.        ]
 [1.         1.        ]
 [1.         1.        ]
 [1.         0.99352413]
 [0.70479894 1.        ]
 [1.         0.99352413]
 [1.         0.99352413]]
Best mechanism: [1.         0.99352413]
Time taken: 31945.322314977646 seconds
