Current population:
[[0.69846225 0.39224553]
 [0.622318   0.76737225]
 [0.9773458  0.68891275]
 [0.67447484 0.81175256]
 [0.5002744  0.23192239]
 [0.79761326 0.29933143]
 [0.3669783  0.33484983]
 [0.7478945  0.12797499]
 [0.37997437 0.02747166]
 [0.0175662  0.7189661 ]]
********************
Scores: [25265 29570 39775 34680 25975 30020 24110 32605 33605 23570]
Best score: 39775
Selected population:
[[0.7478945  0.12797499]
 [0.37997437 0.02747166]
 [0.67447484 0.81175256]
 [0.9773458  0.68891275]]
Next generation:
[[0.9773458  0.68891275]
 [0.67447484 0.81175256]
 [0.37997437 0.12797499]
 [0.7115119  0.0681628 ]
 [0.76163155 0.18467751]
 [0.7478945  0.81175256]
 [0.1342725  0.16053158]
 [0.73300785 0.5453075 ]
 [0.74188507 0.7232199 ]
 [0.91429895 0.800573  ]]
********************
Scores: [41425 23465 30360 25750 21410 32550 29635 22460 28170 38730]
Best score: 41425
Selected population:
[[0.37997437 0.12797499]
 [0.7478945  0.81175256]
 [0.91429895 0.800573  ]
 [0.9773458  0.68891275]]
Next generation:
[[0.9773458  0.68891275]
 [0.37997437 0.12797499]
 [0.9660965  0.78657866]
 [0.9773458  0.12797499]
 [0.9007242  0.83601254]
 [0.94180614 0.15797059]
 [0.79857713 0.6667662 ]
 [0.9773458  0.81175256]
 [0.91429895 0.68891275]
 [0.9923094  0.7282722 ]]
********************
Scores: [31555 29355 34840 19450 27520 17785 19290 38210 25920 35160]
Best score: 38210
Selected population:
[[0.9773458  0.68891275]
 [0.9660965  0.78657866]
 [0.9923094  0.7282722 ]
 [0.9773458  0.81175256]]
Next generation:
[[0.9773458  0.81175256]
 [0.9773458  0.81175256]
 [1.         0.70680255]
 [1.         0.8655746 ]
 [1.         0.6917936 ]
 [0.96467656 0.71918947]
 [0.9773458  0.68891275]
 [0.95075953 0.8116668 ]
 [0.9923094  0.81175256]
 [0.85505277 0.7879502 ]]
********************
Scores: [24870 24870 22945 37290 24610 18485 19820 22385 32950 11415]
Best score: 37290
Selected population:
[[0.9773458  0.81175256]
 [0.9773458  0.81175256]
 [0.9923094  0.81175256]
 [1.         0.8655746 ]]
Next generation:
[[1.         0.8655746 ]
 [1.         0.8655746 ]
 [1.         1.        ]
 [0.9773458  0.81175256]
 [0.9239786  0.7767385 ]
 [0.87149113 0.73576367]
 [1.         0.8418106 ]
 [0.9912303  0.94203305]
 [0.9923094  0.81175256]
 [0.9773458  0.81175256]]
********************
Scores: [28680 28680 41655 22425 15835 10810 26835 33540 27660 22425]
Best score: 41655
Selected population:
[[1.         0.8655746 ]
 [1.         0.8655746 ]
 [0.9912303  0.94203305]
 [1.         1.        ]]
Next generation:
[[1.         1.        ]
 [0.9912303  0.94203305]
 [1.         0.8821649 ]
 [0.8980165  0.87091416]
 [0.9912303  1.        ]
 [0.96684045 0.92637956]
 [0.8942697  0.9180803 ]
 [1.         0.8655746 ]
 [1.         0.8655746 ]
 [1.         0.94203305]]
********************
Scores: [39345 30325 26790 13905 36090 23510 15165 25210 25210 32555]
Best score: 39345
Selected population:
[[0.9912303  0.94203305]
 [1.         0.94203305]
 [0.9912303  1.        ]
 [1.         1.        ]]
Next generation:
[[1.         1.        ]
 [0.9912303  0.94203305]
 [1.         0.9382088 ]
 [1.         1.        ]
 [1.         1.        ]
 [0.9912303  1.        ]
 [1.         1.        ]
 [0.87332606 1.        ]
 [0.9912303  0.94203305]
 [0.99748105 0.94623107]]
********************
Scores: [34335 23655 23405 34335 34335 31370 34335 13345 23655 22560]
Best score: 34335
Selected population:
[[1. 1.]
 [1. 1.]
 [1. 1.]
 [1. 1.]]
Next generation:
[[1.        1.       ]
 [1.        1.       ]
 [0.9562428 0.9278767]
 [0.9307996 0.9462909]
 [1.        1.       ]
 [0.9619524 1.       ]
 [0.9147853 1.       ]
 [1.        1.       ]
 [1.        1.       ]
 [0.9999902 1.       ]]
********************
Scores: [34805 34805 17735 16050 34805 28270 17165 34805 34805 39885]
Best score: 39885
Selected population:
[[1.        1.       ]
 [1.        1.       ]
 [1.        1.       ]
 [0.9999902 1.       ]]
Next generation:
[[0.9999902  1.        ]
 [0.9999902  1.        ]
 [1.         1.        ]
 [0.9035545  0.9929887 ]
 [0.92658514 1.        ]
 [0.9999902  1.        ]
 [1.         1.        ]
 [1.         1.        ]
 [0.97645724 1.        ]
 [1.         0.9130961 ]]
********************
Scores: [36245 36245 30725 14970 18705 36245 30725 30725 28235 22075]
Best score: 36245
Selected population:
[[1.        1.       ]
 [0.9999902 1.       ]
 [0.9999902 1.       ]
 [0.9999902 1.       ]]
Next generation:
[[0.9999902  1.        ]
 [0.9999902  1.        ]
 [0.9843474  1.        ]
 [0.939371   1.        ]
 [0.9556278  1.        ]
 [1.         1.        ]
 [0.92494416 1.        ]
 [1.         1.        ]
 [0.9128252  1.        ]
 [1.         0.99659216]]
********************
Scores: [37220 37220 25835 23190 22310 31480 18905 31480 16425 33900]
Best score: 37220
Selected population:
[[1.         1.        ]
 [1.         0.99659216]
 [0.9999902  1.        ]
 [0.9999902  1.        ]]
Next generation:
[[1.         1.        ]
 [1.         0.99659216]
 [0.8038099  1.        ]
 [1.         0.9708113 ]
 [0.89892614 1.        ]
 [0.9999902  1.        ]
 [0.9999902  1.        ]
 [1.         1.        ]
 [1.         1.        ]
 [1.         0.99659216]]
********************
Scores: [30975 32330 11090 26530 19325 37230 37230 30975 30975 32330]
Best score: 37230
Selected population:
[[1.         0.99659216]
 [1.         0.99659216]
 [0.9999902  1.        ]
 [0.9999902  1.        ]]
Next generation:
[[0.9999902  1.        ]
 [0.9999902  1.        ]
 [0.9886386  1.        ]
 [1.         1.        ]
 [0.9999902  0.99659216]
 [1.         0.953446  ]
 [0.9999902  1.        ]
 [0.9747786  1.        ]
 [0.9999902  0.99659216]
 [1.         1.        ]]
********************
Scores: [30150 30150 23210 27840 29445 20890 30150 24800 29445 27840]
Best score: 30150
Selected population:
[[0.9999902  0.99659216]
 [0.9999902  1.        ]
 [0.9999902  1.        ]
 [0.9999902  1.        ]]
Next generation:
[[0.9999902  1.        ]
 [0.9999902  1.        ]
 [0.9413187  1.        ]
 [0.9999902  0.99659216]
 [0.9999902  1.        ]
 [1.         1.        ]
 [0.9999902  1.        ]
 [1.         0.96959066]
 [1.         1.        ]
 [0.97819847 1.        ]]
********************
Scores: [30670 30670 16730 28600 30670 27605 30670 24015 27605 23375]
Best score: 30670
Selected population:
[[0.9999902 1.       ]
 [0.9999902 1.       ]
 [0.9999902 1.       ]
 [0.9999902 1.       ]]
Next generation:
[[0.9999902  1.        ]
 [0.9999902  1.        ]
 [0.78668004 0.8810093 ]
 [0.9999902  1.        ]
 [1.         1.        ]
 [1.         0.91032445]
 [1.         1.        ]
 [0.9999902  1.        ]
 [1.         0.9359877 ]
 [0.95214486 1.        ]]
********************
Scores: [34230 34230 10655 34230 29735 22615 29735 34230 28625 21695]
Best score: 34230
Selected population:
[[0.9999902 1.       ]
 [0.9999902 1.       ]
 [0.9999902 1.       ]
 [0.9999902 1.       ]]
Next generation:
[[0.9999902 1.       ]
 [0.9999902 1.       ]
 [0.9720951 0.9919157]
 [1.        0.9967621]
 [0.9999902 1.       ]
 [0.9999902 1.       ]
 [0.9999902 1.       ]
 [1.        0.9911635]
 [0.9999902 1.       ]
 [0.9999902 1.       ]]
********************
Scores: [26530 26530 23540 30950 26530 26530 26530 23005 26530 26530]
Best score: 30950
Selected population:
[[0.9999902 1.       ]
 [0.9999902 1.       ]
 [0.9999902 1.       ]
 [1.        0.9967621]]
Next generation:
[[1.         0.9967621 ]
 [1.         0.9967621 ]
 [0.8715384  1.        ]
 [0.91707486 1.        ]
 [0.9299203  0.9057001 ]
 [0.96900046 1.        ]
 [0.9999902  0.9967621 ]
 [0.8213573  1.        ]
 [1.         0.9666147 ]
 [0.9999902  1.        ]]
********************
Scores: [37330 37330 14480 22960 21445 29415 33905 13995 33775 35210]
Best score: 37330
Selected population:
[[0.9999902 0.9967621]
 [0.9999902 1.       ]
 [1.        0.9967621]
 [1.        0.9967621]]
Next generation:
[[0.9999902  0.9967621 ]
 [0.9999902  1.        ]
 [0.9999902  0.9967621 ]
 [1.         0.9967621 ]
 [1.         1.        ]
 [0.99678785 0.96358347]
 [1.         1.        ]
 [1.         0.9967621 ]
 [0.9999902  0.9967621 ]
 [0.9999902  0.9967621 ]]
********************
Scores: [23420 28090 23420 27990 28845 21300 28845 27990 23420 23420]
Best score: 28845
Selected population:
[[1.        0.9967621]
 [0.9999902 1.       ]
 [1.        1.       ]
 [1.        1.       ]]
Next generation:
[[1.         1.        ]
 [1.         1.        ]
 [0.9999902  1.        ]
 [0.8254546  1.        ]
 [1.         1.        ]
 [1.         0.9967621 ]
 [1.         0.97379136]
 [1.         0.9355283 ]
 [0.9999902  1.        ]
 [0.80735755 0.9224152 ]]
********************
Scores: [32675 32675 34870 14415 32675 30755 29830 23970 34870 10575]
Best score: 34870
Selected population:
[[1.        1.       ]
 [1.        1.       ]
 [0.9999902 1.       ]
 [0.9999902 1.       ]]
Next generation:
[[0.9999902  1.        ]
 [0.9999902  1.        ]
 [0.9944798  1.        ]
 [0.9999902  1.        ]
 [0.99611557 0.9850608 ]
 [0.9777185  1.        ]
 [0.9999902  1.        ]
 [1.         1.        ]
 [0.9999902  1.        ]
 [1.         1.        ]]
********************
Scores: [28825 28825 26215 28825 23375 19230 28825 27025 28825 27025]
Best score: 28825
Selected population:
[[0.9999902 1.       ]
 [0.9999902 1.       ]
 [0.9999902 1.       ]
 [0.9999902 1.       ]]
Next generation:
[[0.9999902  1.        ]
 [0.9999902  1.        ]
 [0.9999902  1.        ]
 [0.96295154 0.8248278 ]
 [1.         0.95624566]
 [0.9999902  1.        ]
 [0.8372264  0.8506391 ]
 [0.9131065  0.9383756 ]
 [0.9999902  1.        ]
 [0.9999902  1.        ]]
********************
Scores: [32645 32645 32645 17805 27090 32645 10025 17640 32645 32645]
Best score: 32645
Selected population:
[[0.9999902 1.       ]
 [0.9999902 1.       ]
 [0.9999902 1.       ]
 [0.9999902 1.       ]]
Next generation:
[[0.9999902  1.        ]
 [0.9999902  1.        ]
 [0.9999902  1.        ]
 [0.93346757 1.        ]
 [1.         1.        ]
 [1.         1.        ]
 [1.         1.        ]
 [0.8523897  1.        ]
 [0.9999902  1.        ]
 [0.6879699  1.        ]]
Best mechanism: [0.9999902 1.       ]
Time taken: 32462.99990773201 seconds
