Current population:
[[0.69846225 0.39224553]
 [0.622318   0.76737225]
 [0.9773458  0.68891275]
 [0.67447484 0.81175256]
 [0.5002744  0.23192239]
 [0.79761326 0.29933143]
 [0.3669783  0.33484983]
 [0.7478945  0.12797499]
 [0.37997437 0.02747166]
 [0.0175662  0.7189661 ]]
********************
Scores: [25265 29570 39775 34680 25975 30020 24110 32605 33605 23570]
Best score: 39775
Selected population:
[[0.7478945  0.12797499]
 [0.37997437 0.02747166]
 [0.67447484 0.81175256]
 [0.9773458  0.68891275]]
Next generation:
[[0.9773458  0.68891275]
 [0.67447484 0.81175256]
 [0.37997437 0.12797499]
 [0.63874674 0.14954507]
 [0.935945   0.2980826 ]
 [0.7478945  0.81175256]
 [0.         0.22564477]
 [0.70323443 0.25809696]
 [0.7298661  0.7918341 ]
 [0.78820515 0.7782138 ]]
********************
Scores: [42060 22985 31625 22395 31025 29345 25395 18755 28040 35160]
Best score: 42060
Selected population:
[[0.935945   0.2980826 ]
 [0.37997437 0.12797499]
 [0.78820515 0.7782138 ]
 [0.9773458  0.68891275]]
Next generation:
[[0.9773458  0.68891275]
 [0.935945   0.2980826 ]
 [0.9435978  0.98191047]
 [0.9773458  0.2980826 ]
 [0.83846325 0.8845325 ]
 [0.8707267  0.38806942]
 [0.4410396  0.6224732 ]
 [0.9773458  0.12797499]
 [0.78820515 0.68891275]
 [1.         0.5613115 ]]
********************
Scores: [40230 20535 46685 23395 32130 18875 14875 23460 20735 38710]
Best score: 46685
Selected population:
[[0.83846325 0.8845325 ]
 [1.         0.5613115 ]
 [0.9773458  0.68891275]
 [0.9435978  0.98191047]]
Next generation:
[[0.83846325 0.8845325 ]
 [0.9773458  0.68891275]
 [1.         0.93820196]
 [1.         1.        ]
 [1.         0.2769563 ]
 [0.8004555  0.66166455]
 [0.9435978  0.8845325 ]
 [0.75870436 0.9816531 ]
 [0.9773458  0.98191047]
 [0.565576   0.5654261 ]]
********************
Scores: [25160 30760 39670 43995 18110 15760 35850 20700 38575 11930]
Best score: 43995
Selected population:
[[0.9435978  0.8845325 ]
 [0.9773458  0.98191047]
 [1.         0.93820196]
 [1.         1.        ]]
Next generation:
[[1.         0.93820196]
 [1.         1.        ]
 [1.         1.        ]
 [0.9435978  0.98191047]
 [0.78349614 0.8768683 ]
 [0.65978175 0.7102353 ]
 [1.         1.        ]
 [0.99676275 1.        ]
 [1.         0.8845325 ]
 [0.9435978  0.93820196]]
********************
Scores: [29575 36630 36630 27090 15510  7745 36630 34325 28355 23210]
Best score: 36630
Selected population:
[[0.99676275 1.        ]
 [1.         1.        ]
 [1.         1.        ]
 [1.         1.        ]]
Next generation:
[[1.         1.        ]
 [1.         1.        ]
 [1.         0.82039547]
 [0.6940496  1.        ]
 [1.         1.        ]
 [0.9005214  1.        ]
 [0.6828091  1.        ]
 [1.         1.        ]
 [1.         1.        ]
 [1.         1.        ]]
********************
Scores: [37530 37530 25840 11345 37530 21170 10960 37530 37530 37530]
Best score: 37530
Selected population:
[[1. 1.]
 [1. 1.]
 [1. 1.]
 [1. 1.]]
Next generation:
[[1.         1.        ]
 [1.         1.        ]
 [1.         0.81462634]
 [1.         1.        ]
 [1.         1.        ]
 [1.         1.        ]
 [1.         1.        ]
 [0.61997825 1.        ]
 [1.         1.        ]
 [0.99244314 0.83869326]]
********************
Scores: [35630 35630 20415 35630 35630 35630 35630 10780 35630 22065]
Best score: 35630
Selected population:
[[1. 1.]
 [1. 1.]
 [1. 1.]
 [1. 1.]]
Next generation:
[[1.         1.        ]
 [1.         1.        ]
 [0.86872846 0.7836302 ]
 [0.7923988  0.8388728 ]
 [1.         1.        ]
 [0.8858571  1.        ]
 [0.74435604 1.        ]
 [1.         1.        ]
 [1.         1.        ]
 [0.9999706  1.        ]]
********************
Scores: [38980 38980 16590 11945 38980 23480 12810 38980 38980 35955]
Best score: 38980
Selected population:
[[1. 1.]
 [1. 1.]
 [1. 1.]
 [1. 1.]]
Next generation:
[[1.         1.        ]
 [1.         1.        ]
 [1.         1.        ]
 [0.71066344 0.97896606]
 [0.7797555  1.        ]
 [1.         1.        ]
 [1.         1.        ]
 [1.         1.        ]
 [0.92940104 1.        ]
 [1.         0.73928815]]
********************
Scores: [37135 37135 37135 10505 13310 37135 37135 37135 25010 21905]
Best score: 37135
Selected population:
[[1. 1.]
 [1. 1.]
 [1. 1.]
 [1. 1.]]
Next generation:
[[1.         1.        ]
 [1.         1.        ]
 [0.95304227 1.        ]
 [0.8181423  1.        ]
 [0.86688346 1.        ]
 [1.         1.        ]
 [0.7748324  1.        ]
 [1.         1.        ]
 [0.738505   1.        ]
 [1.         0.98977655]]
********************
Scores: [39380 39380 27690 19840 22825 39380 11825 39380 12020 37230]
Best score: 39380
Selected population:
[[1. 1.]
 [1. 1.]
 [1. 1.]
 [1. 1.]]
Next generation:
[[1.         1.        ]
 [1.         1.        ]
 [0.41142964 1.        ]
 [1.         0.9124339 ]
 [0.69677836 1.        ]
 [1.         1.        ]
 [1.         1.        ]
 [1.         1.        ]
 [1.         1.        ]
 [1.         1.        ]]
Best mechanism: [1. 1.]
Time taken: 16027.445104598999 seconds
