Current population:
[[0.69846225 0.39224553]
 [0.622318   0.76737225]
 [0.9773458  0.68891275]
 [0.67447484 0.81175256]
 [0.5002744  0.23192239]
 [0.79761326 0.29933143]
 [0.3669783  0.33484983]
 [0.7478945  0.12797499]
 [0.37997437 0.02747166]
 [0.0175662  0.7189661 ]]
********************
Scores: [25265 29570 39775 34680 25975 30020 24110 32605 33605 23570]
Best score: 39775
Selected population:
[[0.7478945  0.12797499]
 [0.37997437 0.02747166]
 [0.67447484 0.81175256]
 [0.9773458  0.68891275]]
Next generation:
[[0.9773458  0.68891275]
 [0.67447484 0.81175256]
 [0.37997437 0.12797499]
 [0.6023641  0.1902362 ]
 [1.         0.3547851 ]
 [0.7478945  0.81175256]
 [0.         0.25820136]
 [0.68834776 0.1144917 ]
 [0.7478945  0.68891275]
 [0.7251582  0.76703423]]
********************
Scores: [39985 23225 30865 22140 36295 31200 26875 27380 27330 28345]
Best score: 39985
Selected population:
[[0.37997437 0.12797499]
 [0.7478945  0.81175256]
 [1.         0.3547851 ]
 [0.9773458  0.68891275]]
Next generation:
[[0.9773458  0.68891275]
 [0.37997437 0.12797499]
 [1.         1.        ]
 [0.9773458  0.12797499]
 [1.         0.49654338]
 [1.         0.24795744]
 [0.5371126  0.60032666]
 [0.9773458  0.81175256]
 [1.         0.68891275]
 [1.         0.06558204]]
********************
Scores: [32515 27820 45375 24480 29710 20780 15945 37680 34335 27915]
Best score: 45375
Selected population:
[[0.9773458  0.68891275]
 [1.         0.68891275]
 [0.9773458  0.81175256]
 [1.         1.        ]]
Next generation:
[[1.         1.        ]
 [0.9773458  0.81175256]
 [1.         0.76047206]
 [1.         1.        ]
 [1.         0.30977252]
 [0.9266688  0.7754216 ]
 [1.         0.68891275]
 [0.87100065 0.99965686]
 [0.9773458  1.        ]
 [0.4283194  0.69439894]]
********************
Scores: [42615 27235 29400 42615 13740 20395 22020 23365 39350 14510]
Best score: 42615
Selected population:
[[1.         0.76047206]
 [0.9773458  1.        ]
 [1.         1.        ]
 [1.         1.        ]]
Next generation:
[[1.         0.76047206]
 [1.         1.        ]
 [1.         1.        ]
 [1.         1.        ]
 [0.7865311  0.8599438 ]
 [0.55392706 0.69604445]
 [1.         1.        ]
 [0.99568367 1.        ]
 [1.         0.76047206]
 [1.         1.        ]]
********************
Scores: [24235 37025 37025 37025 14775 11995 37025 30805 24235 37025]
Best score: 37025
Selected population:
[[1. 1.]
 [1. 1.]
 [1. 1.]
 [1. 1.]]
Next generation:
[[1.         1.        ]
 [1.         1.        ]
 [1.         0.7605273 ]
 [0.59206605 1.        ]
 [1.         1.        ]
 [0.86736184 1.        ]
 [0.5770788  1.        ]
 [1.         1.        ]
 [1.         1.        ]
 [1.         1.        ]]
********************
Scores: [38115 38115 26165 12605 38115 21390 11180 38115 38115 38115]
Best score: 38115
Selected population:
[[1. 1.]
 [1. 1.]
 [1. 1.]
 [1. 1.]]
Next generation:
[[1.         1.        ]
 [1.         1.        ]
 [1.         0.75283515]
 [1.         1.        ]
 [1.         1.        ]
 [1.         1.        ]
 [1.         1.        ]
 [0.4933043  1.        ]
 [1.         1.        ]
 [0.9899242  0.7849244 ]]
********************
Scores: [35880 35880 16475 35880 35880 35880 35880 12210 35880 21265]
Best score: 35880
Selected population:
[[1. 1.]
 [1. 1.]
 [1. 1.]
 [1. 1.]]
Next generation:
[[1.         1.        ]
 [1.         1.        ]
 [0.82497126 0.7115069 ]
 [1.         1.        ]
 [1.         1.        ]
 [0.84780943 1.        ]
 [1.         1.        ]
 [1.         1.        ]
 [1.         1.        ]
 [0.99996084 1.        ]]
********************
Scores: [35150 35150  9440 35150 35150 15215 35150 35150 35150 30920]
Best score: 35150
Selected population:
[[1. 1.]
 [1. 1.]
 [1. 1.]
 [1. 1.]]
Next generation:
[[1.         1.        ]
 [1.         1.        ]
 [1.         1.        ]
 [0.6142179  0.9719547 ]
 [1.         1.        ]
 [1.         1.        ]
 [1.         1.        ]
 [1.         1.        ]
 [0.90586805 1.        ]
 [1.         0.6523842 ]]
********************
Scores: [36320 36320 36320 11590 36320 36320 36320 36320 18960 16105]
Best score: 36320
Selected population:
[[1. 1.]
 [1. 1.]
 [1. 1.]
 [1. 1.]]
Next generation:
[[1.        1.       ]
 [1.        1.       ]
 [0.9373897 1.       ]
 [0.7575231 1.       ]
 [0.8225113 1.       ]
 [1.        1.       ]
 [1.        1.       ]
 [1.        1.       ]
 [0.65134   1.       ]
 [1.        0.9863688]]
********************
Scores: [39065 39065 26005 15440 17805 39065 39065 39065  8475 31310]
Best score: 39065
Selected population:
[[1. 1.]
 [1. 1.]
 [1. 1.]
 [1. 1.]]
Next generation:
[[1.         1.        ]
 [1.         1.        ]
 [0.21523958 1.        ]
 [1.         0.8832453 ]
 [1.         1.        ]
 [1.         1.        ]
 [1.         1.        ]
 [1.         1.        ]
 [1.         1.        ]
 [1.         1.        ]]
Best mechanism: [1. 1.]
Time taken: 15904.151222229004 seconds
