Current population:
[[0.69846225 0.39224553]
 [0.622318   0.76737225]
 [0.9773458  0.68891275]
 [0.67447484 0.81175256]
 [0.5002744  0.23192239]
 [0.79761326 0.29933143]
 [0.3669783  0.33484983]
 [0.7478945  0.12797499]
 [0.37997437 0.02747166]
 [0.0175662  0.7189661 ]]
********************
Scores: [45435 46995 49005 48235 45000 44930 43170 45935 45615 41070]
Best score: 49005
Selected population:
[[0.7478945  0.12797499]
 [0.622318   0.76737225]
 [0.67447484 0.81175256]
 [0.9773458  0.68891275]]
Next generation:
[[0.622318   0.12797499]
 [0.7478945  0.76737225]
 [0.67447484 0.12797499]
 [0.7478945  0.81175256]
 [0.         0.4535409 ]
 [0.7478945  0.68891275]
 [0.7478945  0.68891275]
 [0.9773458  0.81175256]
 [0.67447484 0.68891275]
 [0.9773458  0.12797499]]
********************
Scores: [40615 47620 40690 47440 39980 46875 46875 47330 46790 45450]
Best score: 47620
Selected population:
[[0.7478945  0.68891275]
 [0.9773458  0.81175256]
 [0.7478945  0.81175256]
 [0.7478945  0.76737225]]
Next generation:
[[1.         1.        ]
 [1.         0.98886883]
 [0.7478945  0.76737225]
 [0.7478945  0.81175256]
 [0.7478945  0.76737225]
 [0.89753    0.08874488]
 [0.9773458  0.68891275]
 [0.9773458  0.76737225]
 [0.7478945  0.81175256]
 [0.7478945  0.81175256]]
********************
Scores: [46800 47255 45080 42655 45080 38195 46320 45465 42655 42655]
Best score: 47255
Selected population:
[[0.9773458  0.76737225]
 [0.9773458  0.68891275]
 [1.         1.        ]
 [1.         0.98886883]]
Next generation:
[[1.         0.76737225]
 [0.9773458  0.98886883]
 [1.         0.98886883]
 [1.         0.68891275]
 [0.9773458  0.98886883]
 [0.9773458  0.68891275]
 [0.9773458  0.68891275]
 [0.         0.24011111]
 [1.         1.        ]
 [1.         0.76737225]]
********************
Scores: [43375 44960 46025 44080 44960 44605 44605 35125 45165 43375]
Best score: 46025
Selected population:
[[0.9773458  0.98886883]
 [0.9773458  0.98886883]
 [1.         1.        ]
 [1.         0.98886883]]
Next generation:
[[1.         0.98886883]
 [0.9773458  1.        ]
 [0.9773458  1.        ]
 [0.         1.        ]
 [1.         0.98886883]
 [0.66840464 1.        ]
 [1.         0.98886883]
 [1.         0.98886883]
 [1.         0.98886883]
 [1.         1.        ]]
********************
Scores: [45650 42385 42385 34675 45650 38385 45650 45650 45650 45900]
Best score: 45900
Selected population:
[[1.         0.98886883]
 [1.         0.98886883]
 [1.         0.98886883]
 [1.         1.        ]]
Next generation:
[[1.         0.98886883]
 [1.         1.        ]
 [1.         1.        ]
 [1.         1.        ]
 [1.         0.98886883]
 [0.         1.        ]
 [1.         0.98886883]
 [1.         1.        ]
 [1.         0.98886883]
 [1.         0.98886883]]
********************
Scores: [46200 45760 45760 45760 46200 34585 46200 45760 46200 46200]
Best score: 46200
Selected population:
[[1.         0.98886883]
 [1.         0.98886883]
 [1.         0.98886883]
 [1.         0.98886883]]
Next generation:
[[1.         0.98886883]
 [0.61952364 1.        ]
 [1.         0.98886883]
 [1.         0.98886883]
 [1.         0.98886883]
 [1.         0.98886883]
 [1.         0.98886883]
 [1.         0.98886883]
 [1.         0.98886883]
 [1.         0.98886883]]
********************
Scores: [46550 32660 46550 46550 46550 46550 46550 46550 46550 46550]
Best score: 46550
Selected population:
[[1.         0.98886883]
 [1.         0.98886883]
 [1.         0.98886883]
 [1.         0.98886883]]
Next generation:
[[1.         0.98886883]
 [1.         0.98886883]
 [1.         0.98886883]
 [1.         0.98886883]
 [1.         0.98886883]
 [1.         0.98886883]
 [1.         0.98886883]
 [1.         0.98886883]
 [1.         0.98886883]
 [1.         0.98886883]]
********************
Scores: [46400 46400 46400 46400 46400 46400 46400 46400 46400 46400]
Best score: 46400
Selected population:
[[1.         0.98886883]
 [1.         0.98886883]
 [1.         0.98886883]
 [1.         0.98886883]]
Next generation:
[[1.         0.98886883]
 [1.         0.98886883]
 [1.         0.98886883]
 [1.         0.696982  ]
 [1.         0.98886883]
 [1.         0.98886883]
 [1.         0.98886883]
 [1.         0.98886883]
 [1.         0.98886883]
 [1.         0.98886883]]
********************
Scores: [46380 46380 46380 41340 46380 46380 46380 46380 46380 46380]
Best score: 46380
Selected population:
[[1.         0.98886883]
 [1.         0.98886883]
 [1.         0.98886883]
 [1.         0.98886883]]
Next generation:
[[1.         0.98886883]
 [1.         0.98886883]
 [1.         0.98886883]
 [1.         0.98886883]
 [1.         0.98886883]
 [1.         0.98886883]
 [1.         0.98886883]
 [1.         0.98886883]
 [1.         0.98886883]
 [1.         0.98886883]]
********************
Scores: [46400 46400 46400 46400 46400 46400 46400 46400 46400 46400]
Best score: 46400
Selected population:
[[1.         0.98886883]
 [1.         0.98886883]
 [1.         0.98886883]
 [1.         0.98886883]]
Next generation:
[[1.         0.98886883]
 [1.         0.98886883]
 [1.         0.98886883]
 [1.         0.98886883]
 [1.         0.98886883]
 [1.         0.98886883]
 [1.         0.98886883]
 [1.         0.98886883]
 [1.         0.98886883]
 [1.         0.98886883]]
Best mechanism: [1.         0.98886883]
Time taken: 19737.6887011528 seconds
