Current population:
[[0.69846225 0.39224553]
 [0.622318   0.76737225]
 [0.9773458  0.68891275]
 [0.67447484 0.81175256]
 [0.5002744  0.23192239]
 [0.79761326 0.29933143]
 [0.3669783  0.33484983]
 [0.7478945  0.12797499]
 [0.37997437 0.02747166]
 [0.0175662  0.7189661 ]]
********************
Scores: [30235 34045 42230 37145 31120 36805 28950 36780 38400 30360]
Best score: 42230
Selected population:
[[0.67447484 0.81175256]
 [0.37997437 0.02747166]
 [0.9773458  0.68891275]]
Next generation:
[[0.37997437 0.81175256]
 [0.56532705 0.81098616]
 [0.37997437 0.68891275]
 [0.37997437 0.81175256]
 [0.         0.90942234]
 [0.37997437 0.81175256]
 [0.67447484 0.68891275]
 [0.78820515 0.        ]
 [0.37997437 0.68891275]
 [0.67447484 0.68891275]]
********************
Scores: [28925 37565 23695 28925 38950 28925 40285 50770 23695 40285]
Best score: 50770
Selected population:
[[0.67447484 0.68891275]
 [0.67447484 0.68891275]
 [0.78820515 0.        ]]
Next generation:
[[1.         0.79523146]
 [0.8707267  0.7788996 ]
 [0.78820515 0.68891275]
 [0.67447484 0.        ]
 [0.78820515 0.68891275]
 [0.7193655  0.        ]
 [0.78815687 0.7425822 ]
 [0.8358114  0.8503789 ]
 [1.         0.40455756]
 [0.6364671  0.        ]]
********************
Scores: [46650 38015 29480 21630 29480 24465 30045 37975 38775 24405]
Best score: 46650
Selected population:
[[0.8707267  0.7788996 ]
 [1.         0.40455756]
 [1.         0.79523146]]
Next generation:
[[1.         0.7788996 ]
 [0.7909678  0.4043002 ]
 [1.         0.40455756]
 [0.5882302  0.40867218]
 [1.         1.        ]
 [0.8707267  0.79523146]
 [1.         0.7788996 ]
 [0.6824359  0.17659087]
 [1.         0.88540554]
 [0.99676275 1.        ]]
********************
Scores: [37260 21650 26140 21270 48765 27340 37260 24305 42275 49200]
Best score: 49200
Selected population:
[[1.         0.88540554]
 [1.         1.        ]
 [0.99676275 1.        ]]
Next generation:
[[1.         1.        ]
 [1.         1.        ]
 [1.         0.88540554]
 [0.69081235 1.        ]
 [0.99676275 1.        ]
 [0.9005214  1.        ]
 [1.         0.88540554]
 [1.         0.88540554]
 [1.         1.        ]
 [1.         1.        ]]
********************
Scores: [43915 43915 28460 14665 44545 22425 28460 28460 43915 43915]
Best score: 44545
Selected population:
[[1.         1.        ]
 [1.         1.        ]
 [0.99676275 1.        ]]
Next generation:
[[1.         0.81462634]
 [1.         1.        ]
 [1.         1.        ]
 [0.99676275 1.        ]
 [1.         1.        ]
 [0.61997825 1.        ]
 [0.99676275 1.        ]
 [1.         1.        ]
 [0.99676275 1.        ]
 [0.99676275 1.        ]]
********************
Scores: [25100 42040 42040 42070 42040 12020 42070 42040 42070 42070]
Best score: 42070
Selected population:
[[0.99676275 1.        ]
 [0.99676275 1.        ]
 [0.99676275 1.        ]]
Next generation:
[[0.99676275 1.        ]
 [0.88261986 1.        ]
 [0.99676275 1.        ]
 [0.99676275 1.        ]
 [0.99676275 1.        ]
 [0.99673337 1.        ]
 [0.99676275 1.        ]
 [0.7074262  0.97896606]
 [0.99676275 1.        ]
 [0.99676275 1.        ]]
********************
Scores: [44170 21485 44170 44170 44170 40805 44170 11600 44170 44170]
Best score: 44170
Selected population:
[[0.99676275 1.        ]
 [0.99676275 1.        ]
 [0.99676275 1.        ]]
Next generation:
[[0.99676275 1.        ]
 [0.99676275 1.        ]
 [0.9261638  1.        ]
 [1.         0.73928815]
 [0.949805   1.        ]
 [0.81490505 1.        ]
 [0.8636462  1.        ]
 [0.99676275 1.        ]
 [0.99676275 1.        ]
 [0.99676275 1.        ]]
********************
Scores: [46515 46515 28825 27775 36740 15360 22060 46515 46515 46515]
Best score: 46515
Selected population:
[[0.99676275 1.        ]
 [0.99676275 1.        ]
 [0.99676275 1.        ]]
Next generation:
[[0.99676275 1.        ]
 [0.99676275 1.        ]
 [0.4081924  1.        ]
 [1.         0.9124339 ]
 [0.99676275 1.        ]
 [0.99676275 1.        ]
 [0.99676275 1.        ]
 [1.         1.        ]
 [0.99676275 1.        ]
 [0.99676275 1.        ]]
********************
Scores: [43090 43090 19305 32475 43090 43090 43090 40700 43090 43090]
Best score: 43090
Selected population:
[[0.99676275 1.        ]
 [0.99676275 1.        ]
 [0.99676275 1.        ]]
Next generation:
[[0.99676275 1.        ]
 [0.99676275 1.        ]
 [0.99676275 1.        ]
 [0.99676275 1.        ]
 [0.99676275 1.        ]
 [0.9211279  1.        ]
 [0.99676275 1.        ]
 [1.         1.        ]
 [0.8207481  1.        ]
 [0.99676275 1.        ]]
********************
Scores: [43545 43545 43545 43545 43545 22285 43545 41555 14120 43545]
Best score: 43545
Selected population:
[[0.99676275 1.        ]
 [0.99676275 1.        ]
 [0.99676275 1.        ]]
Next generation:
[[0.99676275 1.        ]
 [0.99676275 1.        ]
 [0.99676275 1.        ]
 [1.         0.9189955 ]
 [0.99676275 1.        ]
 [0.99676275 1.        ]
 [0.99676275 1.        ]
 [0.99676275 1.        ]
 [1.         1.        ]
 [1.         0.73097324]]
Best mechanism: [0.99676275 1.        ]
Time taken: 20216.193338871002 seconds
