Current population:
[[0.69846225 0.39224553]
 [0.622318   0.76737225]
 [0.9773458  0.68891275]
 [0.67447484 0.81175256]
 [0.5002744  0.23192239]
 [0.79761326 0.29933143]
 [0.3669783  0.33484983]
 [0.7478945  0.12797499]
 [0.37997437 0.02747166]
 [0.0175662  0.7189661 ]]
********************
Scores: [27145 28640 37975 35725 16425 31480 16555 25820 26495 22975]
Best score: 37975
Selected population:
[[0.79761326 0.29933143]
 [0.67447484 0.81175256]
 [0.9773458  0.68891275]]
Next generation:
[[0.67447484 0.29933143]
 [0.79761326 0.68891275]
 [0.67447484 0.68891275]
 [0.67447484 0.29933143]
 [0.         0.62489736]
 [0.67447484 0.29933143]
 [0.79761326 0.68891275]
 [0.9773458  0.81175256]
 [0.67447484 0.68891275]
 [0.79761326 0.68891275]]
********************
Scores: [15410 31105 21290 15410 26350 15410 31105 37330 21290 31105]
Best score: 37330
Selected population:
[[0.79761326 0.68891275]
 [0.79761326 0.68891275]
 [0.9773458  0.81175256]]
Next generation:
[[1.         1.        ]
 [1.         0.98886883]
 [0.9773458  0.68891275]
 [0.79761326 0.81175256]
 [0.9773458  0.68891275]
 [0.94724876 0.08874488]
 [0.79761326 0.68891275]
 [0.79761326 0.68891275]
 [0.9773458  0.68891275]
 [0.79761326 0.81175256]]
********************
Scores: [42275 40915 31115 20265 31115 10975 16840 16840 31115 20265]
Best score: 42275
Selected population:
[[0.9773458  0.68891275]
 [1.         0.98886883]
 [1.         1.        ]]
Next generation:
[[1.         0.68891275]
 [0.9773458  0.98886883]
 [1.         0.98886883]
 [1.         0.98886883]
 [1.         1.        ]
 [0.9773458  1.        ]
 [1.         0.68891275]
 [0.         0.22897995]
 [1.         1.        ]
 [1.         1.        ]]
********************
Scores: [16735 22430 29085 29085 34090 26045 16735 29935 34090 34090]
Best score: 34090
Selected population:
[[1. 1.]
 [1. 1.]
 [1. 1.]]
Next generation:
[[1.         1.        ]
 [1.         1.        ]
 [1.         1.        ]
 [0.         1.        ]
 [1.         1.        ]
 [0.66840464 1.        ]
 [1.         1.        ]
 [1.         1.        ]
 [1.         1.        ]
 [1.         1.        ]]
********************
Scores: [33850 33850 33850 26730 33850  8105 33850 33850 33850 33850]
Best score: 33850
Selected population:
[[1. 1.]
 [1. 1.]
 [1. 1.]]
Next generation:
[[1. 1.]
 [1. 1.]
 [1. 1.]
 [1. 1.]
 [1. 1.]
 [0. 1.]
 [1. 1.]
 [1. 1.]
 [1. 1.]
 [1. 1.]]
********************
Scores: [32795 32795 32795 32795 32795 25855 32795 32795 32795 32795]
Best score: 32795
Selected population:
[[1. 1.]
 [1. 1.]
 [1. 1.]]
Next generation:
[[1.         1.        ]
 [0.61952364 1.        ]
 [1.         1.        ]
 [1.         1.        ]
 [1.         1.        ]
 [1.         1.        ]
 [1.         1.        ]
 [1.         1.        ]
 [1.         1.        ]
 [1.         1.        ]]
********************
Scores: [34775  6410 34775 34775 34775 34775 34775 34775 34775 34775]
Best score: 34775
Selected population:
[[1. 1.]
 [1. 1.]
 [1. 1.]]
Next generation:
[[1. 1.]
 [1. 1.]
 [1. 1.]
 [1. 1.]
 [1. 1.]
 [1. 1.]
 [1. 1.]
 [1. 1.]
 [1. 1.]
 [1. 1.]]
********************
Scores: [34100 34100 34100 34100 34100 34100 34100 34100 34100 34100]
Best score: 34100
Selected population:
[[1. 1.]
 [1. 1.]
 [1. 1.]]
Next generation:
[[1.        1.       ]
 [1.        1.       ]
 [1.        1.       ]
 [1.        0.7081132]
 [1.        1.       ]
 [1.        1.       ]
 [1.        1.       ]
 [1.        1.       ]
 [1.        1.       ]
 [1.        1.       ]]
********************
Scores: [34845 34845 34845 12825 34845 34845 34845 34845 34845 34845]
Best score: 34845
Selected population:
[[1. 1.]
 [1. 1.]
 [1. 1.]]
Next generation:
[[1. 1.]
 [1. 1.]
 [1. 1.]
 [1. 1.]
 [1. 1.]
 [1. 1.]
 [1. 1.]
 [1. 1.]
 [1. 1.]
 [1. 1.]]
********************
Scores: [34100 34100 34100 34100 34100 34100 34100 34100 34100 34100]
Best score: 34100
Selected population:
[[1. 1.]
 [1. 1.]
 [1. 1.]]
Next generation:
[[1. 1.]
 [1. 1.]
 [1. 1.]
 [1. 1.]
 [1. 1.]
 [1. 1.]
 [1. 1.]
 [1. 1.]
 [1. 1.]
 [1. 1.]]
Best mechanism: [1. 1.]
Time taken: 15558.676134824753 seconds
