Current population:
[[0.69846225 0.39224553]
 [0.622318   0.76737225]
 [0.9773458  0.68891275]
 [0.67447484 0.81175256]
 [0.5002744  0.23192239]
 [0.79761326 0.29933143]
 [0.3669783  0.33484983]
 [0.7478945  0.12797499]
 [0.37997437 0.02747166]
 [0.0175662  0.7189661 ]]
********************
Scores: [25265 29570 39775 34680 25975 30020 24110 32605 33605 23570]
Best score: 39775
Selected population:
[[0.7478945  0.12797499]
 [0.37997437 0.02747166]
 [0.67447484 0.81175256]
 [0.9773458  0.68891275]]
Next generation:
[[0.9773458  0.68891275]
 [0.67447484 0.81175256]
 [0.37997437 0.12797499]
 [0.6751293  0.10885393]
 [0.84878826 0.24138005]
 [0.7478945  0.81175256]
 [0.         0.19308817]
 [0.7181211  0.40170223]
 [0.73587555 0.757527  ]
 [0.851252   0.78939337]]
********************
Scores: [41030 24425 30180 24640 20185 31325 28245 18720 30005 37365]
Best score: 41030
Selected population:
[[0.37997437 0.12797499]
 [0.7478945  0.81175256]
 [0.851252   0.78939337]
 [0.9773458  0.68891275]]
Next generation:
[[0.9773458  0.68891275]
 [0.37997437 0.12797499]
 [0.9548471  0.88424456]
 [0.9773458  0.12797499]
 [1.         0.8602725 ]
 [0.9062664  0.18796621]
 [0.6198083  0.6446197 ]
 [0.9773458  0.81175256]
 [0.851252   0.68891275]
 [1.         0.64479184]]
********************
Scores: [31560 28740 37765 21500 40400 17570 13200 37230 24745 32585]
Best score: 40400
Selected population:
[[1.         0.64479184]
 [0.9773458  0.81175256]
 [0.9548471  0.88424456]
 [1.         0.8602725 ]]
Next generation:
[[0.9548471  0.88424456]
 [1.         0.8602725 ]
 [1.         0.6805715 ]
 [1.         0.9679166 ]
 [1.         0.6221824 ]
 [0.9746615  0.8660791 ]
 [1.         0.64479184]
 [0.9468274  0.860101  ]
 [0.9548471  0.8602725 ]
 [0.68033385 0.8144956 ]]
********************
Scores: [30100 34295 23265 44205 22025 32090 21960 26730 27285  8855]
Best score: 44205
Selected population:
[[0.9548471  0.88424456]
 [0.9746615  0.8660791 ]
 [1.         0.8602725 ]
 [1.         0.9679166 ]]
Next generation:
[[0.9746615  0.8660791 ]
 [1.         0.9679166 ]
 [1.         1.        ]
 [0.9548471  0.8660791 ]
 [0.84811264 0.796051  ]
 [0.76295215 0.70829475]
 [1.         0.9203886 ]
 [0.99784184 1.        ]
 [1.         0.88424456]
 [0.9548471  0.8602725 ]]
********************
Scores: [28585 38605 40655 22005 12690  8755 31910 37845 31475 22245]
Best score: 40655
Selected population:
[[1.         0.9203886 ]
 [0.99784184 1.        ]
 [1.         0.9679166 ]
 [1.         1.        ]]
Next generation:
[[0.99784184 1.        ]
 [1.         0.9679166 ]
 [1.         0.84818023]
 [0.796033   1.        ]
 [1.         1.        ]
 [0.93368095 1.        ]
 [0.7885394  1.        ]
 [1.         0.9203886 ]
 [1.         1.        ]
 [1.         0.9679166 ]]
********************
Scores: [33115 36960 26365 12360 37520 23095 10890 29040 37520 36960]
Best score: 37520
Selected population:
[[1.        0.9679166]
 [1.        0.9679166]
 [1.        1.       ]
 [1.        1.       ]]
Next generation:
[[1.        1.       ]
 [1.        1.       ]
 [1.        0.8764176]
 [1.        1.       ]
 [1.        1.       ]
 [1.        1.       ]
 [1.        1.       ]
 [0.7466521 1.       ]
 [1.        0.9679166]
 [0.9949621 0.8924622]]
********************
Scores: [35815 35815 24145 35815 35815 35815 35815  8515 34795 25000]
Best score: 35815
Selected population:
[[1. 1.]
 [1. 1.]
 [1. 1.]
 [1. 1.]]
Next generation:
[[1.         1.        ]
 [1.         1.        ]
 [0.91248566 0.8557534 ]
 [0.8615992  0.8925818 ]
 [1.         1.        ]
 [0.9239047  1.        ]
 [0.82957065 1.        ]
 [1.         1.        ]
 [1.         1.        ]
 [0.9999804  1.        ]]
********************
Scores: [36075 36075 17440 14085 36075 23350 13075 36075 36075 35570]
Best score: 36075
Selected population:
[[1. 1.]
 [1. 1.]
 [1. 1.]
 [1. 1.]]
Next generation:
[[1.         1.        ]
 [1.         1.        ]
 [1.         1.        ]
 [0.80710894 0.98597735]
 [0.8531703  1.        ]
 [1.         1.        ]
 [1.         1.        ]
 [1.         1.        ]
 [0.952934   1.        ]
 [1.         0.82619214]]
********************
Scores: [37175 37175 37175  9455 15315 37175 37175 37175 25595 24895]
Best score: 37175
Selected population:
[[1. 1.]
 [1. 1.]
 [1. 1.]
 [1. 1.]]
Next generation:
[[1.         1.        ]
 [1.         1.        ]
 [0.9686948  1.        ]
 [0.87876153 1.        ]
 [0.91125566 1.        ]
 [1.         1.        ]
 [0.84988827 1.        ]
 [1.         1.        ]
 [0.82567    1.        ]
 [1.         0.9931844 ]]
********************
Scores: [38920 38920 28980 19900 21400 38920 16330 38920 13100 33885]
Best score: 38920
Selected population:
[[1. 1.]
 [1. 1.]
 [1. 1.]
 [1. 1.]]
Next generation:
[[1.         1.        ]
 [1.         1.        ]
 [0.60761976 1.        ]
 [1.         0.9416226 ]
 [0.7978523  1.        ]
 [1.         1.        ]
 [1.         1.        ]
 [1.         1.        ]
 [1.         1.        ]
 [1.         1.        ]]
Best mechanism: [1. 1.]
Time taken: 15918.94752907753 seconds
