Current population:
[[0.69846225 0.39224553]
 [0.622318   0.76737225]
 [0.9773458  0.68891275]
 [0.67447484 0.81175256]
 [0.5002744  0.23192239]
 [0.79761326 0.29933143]
 [0.3669783  0.33484983]
 [0.7478945  0.12797499]
 [0.37997437 0.02747166]
 [0.0175662  0.7189661 ]]
********************
Scores: [30235 34045 42230 37145 31120 36805 28950 36780 38400 30360]
Best score: 42230
Selected population:
[[0.79761326 0.29933143]
 [0.67447484 0.81175256]
 [0.37997437 0.02747166]
 [0.9773458  0.68891275]]
Next generation:
[[0.9773458  0.68891275]
 [0.9773458  0.68891275]
 [0.67447484 0.29933143]
 [0.6884655  0.93382597]
 [0.37997437 0.29933143]
 [0.79761326 0.02747166]
 [0.         0.3970012 ]
 [0.79761326 0.68891275]
 [0.79761326 0.68891275]
 [0.78820515 0.        ]]
********************
Scores: [41480 41480 22160 33075 29420 31475 31955 35175 35175 29055]
Best score: 41480
Selected population:
[[0.79761326 0.68891275]
 [0.79761326 0.68891275]
 [0.9773458  0.68891275]
 [0.9773458  0.68891275]]
Next generation:
[[0.9773458  0.68891275]
 [0.9773458  0.68891275]
 [0.9773458  0.68891275]
 [0.9773458  0.68891275]
 [1.         0.79523146]
 [1.         0.7788996 ]
 [0.9773458  0.68891275]
 [0.9773458  0.68891275]
 [0.9773458  0.68891275]
 [1.         0.47201043]]
********************
Scores: [27230 27230 27230 27230 41260 45445 27230 27230 27230 22580]
Best score: 45445
Selected population:
[[0.9773458  0.68891275]
 [0.9773458  0.68891275]
 [1.         0.79523146]
 [1.         0.7788996 ]]
Next generation:
[[1.         0.7788996 ]
 [1.         0.7788996 ]
 [1.         0.7425822 ]
 [1.         0.94036573]
 [1.         0.40455756]
 [0.9393381  0.76798326]
 [1.         0.68891275]
 [0.89758694 0.77864224]
 [1.         0.7788996 ]
 [0.5882302  0.6930274 ]]
********************
Scores: [38665 38665 36395 45995 19240 28080 32805 21645 38665 15525]
Best score: 45995
Selected population:
[[1.         0.7788996 ]
 [1.         0.7788996 ]
 [1.         0.7788996 ]
 [1.         0.94036573]]
Next generation:
[[1.         0.7788996 ]
 [1.         0.7788996 ]
 [1.         1.        ]
 [1.         0.7788996 ]
 [1.         0.7788996 ]
 [0.6824359  0.55093294]
 [1.         0.86907375]
 [0.99676275 1.        ]
 [1.         0.7788996 ]
 [1.         0.7788996 ]]
********************
Scores: [28230 28230 49185 28230 28230 15285 40045 48775 28230 28230]
Best score: 49185
Selected population:
[[1.         0.7788996 ]
 [1.         0.86907375]
 [0.99676275 1.        ]
 [1.         1.        ]]
Next generation:
[[1.         1.        ]
 [1.         1.        ]
 [1.         1.        ]
 [0.6940496  0.8850925 ]
 [0.99676275 1.        ]
 [0.9005214  1.        ]
 [1.         0.86907375]
 [1.         0.7788996 ]
 [1.         0.86907375]
 [1.         1.        ]]
********************
Scores: [45735 45735 45735 12020 45300 22730 32160 25925 32160 45735]
Best score: 45735
Selected population:
[[1. 1.]
 [1. 1.]
 [1. 1.]
 [1. 1.]]
Next generation:
[[1.         1.        ]
 [1.         1.        ]
 [1.         0.81462634]
 [1.         1.        ]
 [1.         1.        ]
 [1.         1.        ]
 [1.         1.        ]
 [0.61997825 1.        ]
 [1.         1.        ]
 [1.         1.        ]]
********************
Scores: [42340 42340 25800 42340 42340 42340 42340 12080 42340 42340]
Best score: 42340
Selected population:
[[1. 1.]
 [1. 1.]
 [1. 1.]
 [1. 1.]]
Next generation:
[[1.        1.       ]
 [1.        1.       ]
 [1.        1.       ]
 [1.        1.       ]
 [1.        1.       ]
 [0.8858571 1.       ]
 [1.        1.       ]
 [1.        1.       ]
 [1.        1.       ]
 [0.9999706 1.       ]]
********************
Scores: [41325 41325 41325 41325 41325 19165 41325 41325 41325 42905]
Best score: 42905
Selected population:
[[1.        1.       ]
 [1.        1.       ]
 [1.        1.       ]
 [0.9999706 1.       ]]
Next generation:
[[0.9999706  1.        ]
 [0.9999706  1.        ]
 [1.         1.        ]
 [0.71066344 0.97896606]
 [1.         1.        ]
 [0.9999706  1.        ]
 [1.         1.        ]
 [1.         1.        ]
 [0.92937165 1.        ]
 [1.         0.73928815]]
********************
Scores: [45530 45530 44460 10740 44460 45530 44460 44460 27565 23220]
Best score: 45530
Selected population:
[[1.        1.       ]
 [0.9999706 1.       ]
 [0.9999706 1.       ]
 [0.9999706 1.       ]]
Next generation:
[[0.9999706  1.        ]
 [1.         1.        ]
 [0.95304227 1.        ]
 [0.81811297 1.        ]
 [0.86688346 1.        ]
 [1.         1.        ]
 [1.         1.        ]
 [1.         1.        ]
 [0.9999706  1.        ]
 [0.9999706  1.        ]]
********************
Scores: [45155 44610 28460 16880 18785 44610 44610 44610 45155 45155]
Best score: 45155
Selected population:
[[1.        1.       ]
 [0.9999706 1.       ]
 [0.9999706 1.       ]
 [0.9999706 1.       ]]
Next generation:
[[0.9999706  1.        ]
 [1.         1.        ]
 [0.41142964 1.        ]
 [1.         0.9124339 ]
 [1.         1.        ]
 [0.9999706  1.        ]
 [0.9999706  1.        ]
 [1.         1.        ]
 [1.         1.        ]
 [1.         1.        ]]
Best mechanism: [0.9999706 1.       ]
Time taken: 19898.489437818527 seconds
