Current population:
[[0.69846225 0.39224553]
 [0.622318   0.76737225]
 [0.9773458  0.68891275]
 [0.67447484 0.81175256]
 [0.5002744  0.23192239]
 [0.79761326 0.29933143]
 [0.3669783  0.33484983]
 [0.7478945  0.12797499]
 [0.37997437 0.02747166]
 [0.0175662  0.7189661 ]]
********************
Scores: [25265 29570 39775 34680 25975 30020 24110 32605 33605 23570]
Best score: 39775
Selected population:
[[0.69846225 0.39224553]
 [0.0175662  0.7189661 ]
 [0.9773458  0.68891275]
 [0.622318   0.76737225]]
Next generation:
[[0.9773458  0.68891275]
 [0.0175662  0.7189661 ]
 [0.9773458  0.39224553]
 [0.69846225 0.68891275]
 [0.0175662  0.68891275]
 [1.         0.76701045]
 [0.5661354  0.6264429 ]
 [0.622318   0.39224553]
 [0.6072325  0.7803101 ]
 [0.         0.7815943 ]]
********************
Scores: [36065 32260 31165 27695 33440 38960 18880 18155 22860 31765]
Best score: 38960
Selected population:
[[0.9773458  0.68891275]
 [0.0175662  0.68891275]
 [0.5661354  0.6264429 ]
 [0.6072325  0.7803101 ]]
Next generation:
[[0.6072325  0.7803101 ]
 [0.5661354  0.6264429 ]
 [0.5661354  0.68891275]
 [0.11783803 0.72435755]
 [0.5462605  1.        ]
 [0.9773458  0.6264429 ]
 [0.0175662  0.7803101 ]
 [0.5661354  0.68891275]
 [0.9773458  0.6264429 ]
 [0.10500948 0.83570594]]
********************
Scores: [26255 19000 20385 35035 30515 37060 29410 20385 37060 36860]
Best score: 37060
Selected population:
[[0.6072325  0.7803101 ]
 [0.9773458  0.6264429 ]
 [0.5661354  0.6264429 ]
 [0.11783803 0.72435755]]
Next generation:
[[0.11783803 0.72435755]
 [0.9773458  0.6264429 ]
 [0.6406199  0.85581803]
 [0.9773458  0.6264429 ]
 [0.27948302 0.        ]
 [0.5497612  0.4282619 ]
 [0.86461943 1.        ]
 [0.6072325  0.6264429 ]
 [0.72166765 0.6766328 ]
 [0.9773458  0.72435755]]
********************
Scores: [30665 32685 24400 32685 32695 18195 36870 17080 24085 39225]
Best score: 39225
Selected population:
[[0.5497612  0.4282619 ]
 [0.11783803 0.72435755]
 [0.86461943 1.        ]
 [0.6406199  0.85581803]]
Next generation:
[[0.11783803 0.72435755]
 [0.86461943 1.        ]
 [0.11257101 0.59730136]
 [0.3161239  0.9218311 ]
 [1.         0.7653589 ]
 [0.6406199  0.4282619 ]
 [0.5497612  0.72435755]
 [0.42353866 0.17716426]
 [1.         0.4644027 ]
 [0.86461943 0.85581803]]
********************
Scores: [32055 35615 24775 25375 37455 22450 22215 30340 30020 29675]
Best score: 37455
Selected population:
[[0.11783803 0.72435755]
 [0.42353866 0.17716426]
 [1.         0.4644027 ]
 [0.6406199  0.4282619 ]]
Next generation:
[[1.         0.4644027 ]
 [0.42353866 0.17716426]
 [0.42353866 0.4644027 ]
 [0.90319175 0.04881769]
 [0.6406199  0.72435755]
 [0.6406199  0.72435755]
 [1.         0.4282619 ]
 [0.2476235  0.46005967]
 [0.6406199  0.17716426]
 [0.         0.36759365]]
********************
Scores: [38015 27900 22925 39145 28615 28615 37120 22855 30470 25945]
Best score: 39145
Selected population:
[[0.6406199  0.72435755]
 [0.6406199  0.17716426]
 [1.         0.4644027 ]
 [0.         0.36759365]]
Next generation:
[[1.         0.4644027 ]
 [0.6406199  0.17716426]
 [0.7326619  0.65814316]
 [1.         0.72435755]
 [1.         0.36759365]
 [0.47007355 0.49331117]
 [0.89137983 0.        ]
 [0.         0.72435755]
 [0.6406199  0.36759365]
 [1.         0.45596066]]
********************
Scores: [34165 24560 27365 41335 32340 17380 30685 26905 19140 34295]
Best score: 41335
Selected population:
[[0.89137983 0.        ]
 [0.6406199  0.36759365]
 [1.         0.72435755]
 [0.7326619  0.65814316]]
Next generation:
[[0.89137983 0.        ]
 [1.         0.72435755]
 [1.         0.        ]
 [0.9168364  0.8723762 ]
 [0.86000633 0.03742048]
 [0.6406199  0.72435755]
 [0.7325085  0.22675942]
 [0.7326619  0.        ]
 [0.23563197 0.6401019 ]
 [1.         0.36759365]]
********************
Scores: [26445 42685 31935 41905 26980 24720 21635 24570 19710 33790]
Best score: 42685
Selected population:
[[0.6406199  0.72435755]
 [0.89137983 0.        ]
 [0.23563197 0.6401019 ]
 [0.7326619  0.        ]]
Next generation:
[[0.89137983 0.        ]
 [0.6406199  0.72435755]
 [0.         0.6851006 ]
 [0.89137983 0.6401019 ]
 [0.56285924 0.        ]
 [0.83617604 1.        ]
 [0.737761   0.23246658]
 [0.23563197 0.72435755]
 [0.1401307  1.        ]
 [0.89137983 0.72435755]]
********************
Scores: [33660 25570 26530 31925 31055 37005 24845 26440 29325 34595]
Best score: 37005
Selected population:
[[0.737761   0.23246658]
 [0.6406199  0.72435755]
 [0.89137983 0.6401019 ]
 [0.23563197 0.72435755]]
Next generation:
[[0.737761   0.23246658]
 [0.89137983 0.6401019 ]
 [0.737761   0.72435755]
 [0.89137983 0.72435755]
 [0.89137983 0.72435755]
 [0.79861397 0.8344778 ]
 [0.44852453 0.10071957]
 [0.737761   0.72435755]
 [0.50446135 1.        ]
 [0.31783324 0.8679507 ]]
********************
Scores: [17970 34760 24330 37725 37725 32315 24415 24330 22230 22045]
Best score: 37725
Selected population:
[[0.89137983 0.72435755]
 [0.31783324 0.8679507 ]
 [0.79861397 0.8344778 ]
 [0.44852453 0.10071957]]
Next generation:
[[0.89137983 0.72435755]
 [0.44852453 0.10071957]
 [0.44852453 0.72435755]
 [0.89137983 0.10071957]
 [0.44852453 0.8679507 ]
 [0.79861397 0.10071957]
 [0.18210703 0.99408543]
 [0.79861397 0.72435755]
 [0.89137983 0.8679507 ]
 [0.31783324 0.10071957]]
Best mechanism of last generation: [0.89137983 0.72435755]
Time taken: 16043.439800024033 seconds
