Current population:
[[0.69846225 0.39224553]
 [0.622318   0.76737225]
 [0.9773458  0.68891275]
 [0.67447484 0.81175256]
 [0.5002744  0.23192239]
 [0.79761326 0.29933143]
 [0.3669783  0.33484983]
 [0.7478945  0.12797499]
 [0.37997437 0.02747166]
 [0.0175662  0.7189661 ]]
********************
Scores: [25265 29570 39775 34680 25975 30020 24110 32605 33605 23570]
Best score: 39775
Selected population:
[[0.69846225 0.39224553]
 [0.0175662  0.7189661 ]
 [0.9773458  0.68891275]
 [0.622318   0.76737225]]
Next generation:
[[0.9773458  0.68891275]
 [0.0175662  0.7189661 ]
 [0.9773458  0.39224553]
 [0.69846225 0.68891275]
 [0.0175662  0.68891275]
 [1.         0.7830252 ]
 [0.9773458  0.39224553]
 [0.622318   0.39224553]
 [0.622318   0.39224553]
 [0.         0.91137713]]
********************
Scores: [34985 32365 30170 24920 33315 39830 30170 19160 19160 31945]
Best score: 39830
Selected population:
[[0.9773458  0.68891275]
 [0.0175662  0.68891275]
 [0.9773458  0.39224553]
 [0.622318   0.39224553]]
Next generation:
[[0.622318   0.39224553]
 [0.9773458  0.39224553]
 [0.9773458  0.68891275]
 [0.15126197 0.31764215]
 [0.622318   0.39224553]
 [0.9773458  0.39224553]
 [0.0175662  0.39224553]
 [0.9773458  0.68891275]
 [0.9773458  0.39224553]
 [0.13415724 0.884637  ]]
********************
Scores: [19275 29075 37020 30895 19275 29075 30985 37020 29075 34350]
Best score: 37020
Selected population:
[[0.622318   0.39224553]
 [0.9773458  0.39224553]
 [0.9773458  0.39224553]
 [0.15126197 0.31764215]]
Next generation:
[[0.15126197 0.31764215]
 [0.9773458  0.39224553]
 [0.9773458  0.39224553]
 [0.9773458  0.39224553]
 [0.3667886  0.        ]
 [0.40723294 0.        ]
 [0.622318   0.31764215]
 [0.622318   0.39224553]
 [0.95636815 0.4591654 ]
 [0.9773458  0.31764215]]
********************
Scores: [26580 33325 33325 33325 23435 23770 19440 21030 32715 31070]
Best score: 33325
Selected population:
[[0.40723294 0.        ]
 [0.15126197 0.31764215]
 [0.622318   0.31764215]
 [0.9773458  0.39224553]]
Next generation:
[[0.15126197 0.31764215]
 [0.622318   0.31764215]
 [0.14423929 0.22538598]
 [0.0957166  0.5809402 ]
 [0.8247982  0.27163336]
 [0.9773458  0.        ]
 [0.40723294 0.31764215]
 [0.5588628  0.        ]
 [0.622318   0.31764215]
 [0.622318   0.39224553]]
********************
Scores: [27480 28545 27665 18285 34970 47270 26245 36875 28545 26570]
Best score: 47270
Selected population:
[[0.15126197 0.31764215]
 [0.5588628  0.        ]
 [0.622318   0.31764215]
 [0.9773458  0.        ]]
Next generation:
[[0.622318   0.31764215]
 [0.5588628  0.        ]
 [0.5588628  0.31764215]
 [0.49324036 0.        ]
 [0.9773458  0.31764215]
 [0.9773458  0.31764215]
 [0.622318   0.        ]
 [0.32430926 0.31185144]
 [0.9773458  0.        ]
 [0.         0.        ]]
********************
Scores: [25065 28950 23870 26750 36760 36760 31760 23660 43395 21055]
Best score: 43395
Selected population:
[[0.9773458  0.31764215]
 [0.9773458  0.        ]
 [0.622318   0.31764215]
 [0.         0.        ]]
Next generation:
[[0.622318   0.31764215]
 [0.9773458  0.        ]
 [0.9773458  0.31764215]
 [0.622318   0.31764215]
 [0.622318   0.        ]
 [0.74995077 0.16762339]
 [1.         0.        ]
 [0.         0.31764215]
 [0.9773458  0.        ]
 [0.622318   0.        ]]
********************
Scores: [21970 39110 33280 21970 28940 36630 37780 20120 39110 28940]
Best score: 39110
Selected population:
[[1.         0.        ]
 [0.9773458  0.        ]
 [0.622318   0.31764215]
 [0.9773458  0.31764215]]
Next generation:
[[1.         0.        ]
 [0.622318   0.31764215]
 [0.622318   0.        ]
 [1.         0.5150004 ]
 [1.         0.04989397]
 [0.9773458  0.31764215]
 [0.2656627  0.30234587]
 [0.9773458  0.        ]
 [0.43736196 0.20530134]
 [0.622318   0.        ]]
********************
Scores: [36220 22110 27225 39705 41275 31710 18410 34835 23365 27225]
Best score: 41275
Selected population:
[[0.9773458  0.31764215]
 [1.         0.        ]
 [0.43736196 0.20530134]
 [0.9773458  0.        ]]
Next generation:
[[1.         0.        ]
 [0.9773458  0.31764215]
 [0.         0.26529956]
 [1.         0.20530134]
 [0.43736196 0.        ]
 [1.         1.        ]
 [1.         0.30995545]
 [0.43736196 0.31764215]
 [0.31002694 0.77955925]
 [1.         0.31764215]]
********************
Scores: [37425 27445 24835 28115 24630 44100 28340 24025 22215 28020]
Best score: 44100
Selected population:
[[1.         0.30995545]
 [0.9773458  0.31764215]
 [1.         0.20530134]
 [0.43736196 0.31764215]]
Next generation:
[[1.         0.30995545]
 [1.         0.20530134]
 [1.         0.31764215]
 [1.         0.31764215]
 [1.         0.31764215]
 [1.         0.4644692 ]
 [0.7212187  0.13429277]
 [1.         0.31764215]
 [1.         0.31764215]
 [0.5469637  0.50909966]]
********************
Scores: [28450 21885 26275 26275 26275 37315 19145 26275 26275 12865]
Best score: 37315
Selected population:
[[1.         0.31764215]
 [0.5469637  0.50909966]
 [1.         0.4644692 ]
 [0.7212187  0.13429277]]
Next generation:
[[1.         0.31764215]
 [0.7212187  0.13429277]
 [0.7212187  0.31764215]
 [1.         0.13429277]
 [0.7212187  0.50909966]
 [1.         0.13429277]
 [0.7212187  0.4644692 ]
 [1.         0.31764215]
 [1.         0.50909966]
 [0.5469637  0.13429277]]
Best mechanism of last generation: [1.        0.4644692]
Time taken: 16023.054867744446 seconds
