Current population:
[[0.69846225 0.39224553]
 [0.622318   0.76737225]
 [0.9773458  0.68891275]
 [0.67447484 0.81175256]
 [0.5002744  0.23192239]
 [0.79761326 0.29933143]
 [0.3669783  0.33484983]
 [0.7478945  0.12797499]
 [0.37997437 0.02747166]
 [0.0175662  0.7189661 ]]
********************
Scores: [25265 29570 39775 34680 25975 30020 24110 32605 33605 23570]
Best score: 39775
Selected population:
[[0.69846225 0.39224553]
 [0.0175662  0.7189661 ]
 [0.9773458  0.68891275]
 [0.622318   0.76737225]]
Next generation:
[[0.9773458  0.68891275]
 [0.0175662  0.7189661 ]
 [0.9773458  0.39224553]
 [0.69846225 0.68891275]
 [0.0175662  0.68891275]
 [0.9622054  0.75099564]
 [0.7032056  0.5483771 ]
 [0.622318   0.39224553]
 [0.612261   0.6509552 ]
 [0.         0.65181136]]
********************
Scores: [36165 33420 32065 27060 33645 36330 23030 17800 20805 28245]
Best score: 36330
Selected population:
[[0.9773458  0.68891275]
 [0.0175662  0.68891275]
 [0.7032056  0.5483771 ]
 [0.612261   0.6509552 ]]
Next generation:
[[0.612261   0.6509552 ]
 [0.7032056  0.5483771 ]
 [0.7032056  0.68891275]
 [0.08441409 0.61365354]
 [0.57161295 0.980999  ]
 [0.9773458  0.5483771 ]
 [0.0175662  0.6509552 ]
 [0.7032056  0.68891275]
 [0.9773458  0.5483771 ]
 [0.07586172 0.7867749 ]]
********************
Scores: [17920 20760 29785 32730 21125 36040 31425 29785 36040 37145]
Best score: 37145
Selected population:
[[0.612261   0.6509552 ]
 [0.9773458  0.5483771 ]
 [0.7032056  0.5483771 ]
 [0.08441409 0.61365354]]
Next generation:
[[0.08441409 0.61365354]
 [0.9773458  0.5483771 ]
 [0.75286186 0.7012938 ]
 [0.9773458  0.5483771 ]
 [0.1921774  0.12136984]
 [0.69228935 0.41625643]
 [0.7838523  1.        ]
 [0.612261   0.5483771 ]
 [0.48696718 0.58183706]
 [0.9773458  0.61365354]]
********************
Scores: [30035 33415 26110 33415 31845 20895 33525 20440 16925 34440]
Best score: 34440
Selected population:
[[0.69228935 0.41625643]
 [0.08441409 0.61365354]
 [0.7838523  1.        ]
 [0.75286186 0.7012938 ]]
Next generation:
[[0.08441409 0.61365354]
 [0.7838523  1.        ]
 [0.08090275 0.52894944]
 [0.5365312  0.74530256]
 [0.8850924  0.64098775]
 [0.75286186 0.41625643]
 [0.69228935 0.61365354]
 [0.2882145  0.248858  ]
 [0.89923453 0.4403503 ]
 [0.7838523  0.7012938 ]]
********************
Scores: [32395 38620 28790 17480 35755 22785 22350 35060 30575 28730]
Best score: 38620
Selected population:
[[0.08441409 0.61365354]
 [0.2882145  0.248858  ]
 [0.89923453 0.4403503 ]
 [0.75286186 0.41625643]]
Next generation:
[[0.89923453 0.4403503 ]
 [0.2882145  0.248858  ]
 [0.2882145  0.4403503 ]
 [0.8346957  0.16329363]
 [0.75286186 0.61365354]
 [0.75286186 0.61365354]
 [0.89923453 0.41625643]
 [0.17093773 0.43745494]
 [0.75286186 0.248858  ]
 [0.         0.37581092]]
********************
Scores: [34945 31140 26855 33165 31185 31185 35200 26825 26230 27565]
Best score: 35200
Selected population:
[[0.75286186 0.61365354]
 [0.75286186 0.248858  ]
 [0.89923453 0.4403503 ]
 [0.         0.37581092]]
Next generation:
[[0.89923453 0.4403503 ]
 [0.75286186 0.248858  ]
 [0.81422323 0.5695106 ]
 [0.89923453 0.61365354]
 [0.89923453 0.37581092]
 [0.6391643  0.45962262]
 [0.9200352  0.06406255]
 [0.         0.61365354]
 [0.75286186 0.37581092]
 [1.         0.43472224]]
********************
Scores: [33320 18600 28510 39010 30340 15075 29570 27305 20370 40410]
Best score: 40410
Selected population:
[[0.9200352  0.06406255]
 [0.75286186 0.37581092]
 [0.89923453 0.61365354]
 [0.81422323 0.5695106 ]]
Next generation:
[[0.9200352  0.06406255]
 [0.89923453 0.61365354]
 [0.89923453 0.06406255]
 [0.93700624 0.71233267]
 [0.8991195  0.08900954]
 [0.75286186 0.61365354]
 [0.72090685 0.21523549]
 [0.81422323 0.06406255]
 [0.48286992 0.55748314]
 [0.89923453 0.37581092]]
********************
Scores: [32295 40595 33285 45905 32765 33170 19505 29550 15865 30880]
Best score: 45905
Selected population:
[[0.75286186 0.61365354]
 [0.9200352  0.06406255]
 [0.48286992 0.55748314]
 [0.81422323 0.06406255]]
Next generation:
[[0.9200352  0.06406255]
 [0.75286186 0.61365354]
 [0.21054736 0.5874823 ]
 [0.9200352  0.55748314]
 [0.70102143 0.        ]
 [0.8832326  1.        ]
 [0.81762266 0.21904027]
 [0.48286992 0.61365354]
 [0.41920242 0.84461206]
 [0.9200352  0.61365354]]
********************
Scores: [31640 30270 25725 34150 30980 44620 24110 19225 20140 37120]
Best score: 44620
Selected population:
[[0.81762266 0.21904027]
 [0.75286186 0.61365354]
 [0.9200352  0.55748314]
 [0.48286992 0.61365354]]
Next generation:
[[0.81762266 0.21904027]
 [0.9200352  0.55748314]
 [0.81762266 0.61365354]
 [0.9200352  0.61365354]
 [0.9200352  0.61365354]
 [0.8581913  0.68706703]
 [0.6247983  0.13120893]
 [0.81762266 0.61365354]
 [0.6620896  0.9494945 ]
 [0.5376708  0.7093823 ]]
********************
Scores: [15530 33735 26655 38315 38315 32790 18800 26655 23690 15580]
Best score: 38315
Selected population:
[[0.9200352  0.61365354]
 [0.5376708  0.7093823 ]
 [0.8581913  0.68706703]
 [0.6247983  0.13120893]]
Next generation:
[[0.9200352  0.61365354]
 [0.6247983  0.13120893]
 [0.6247983  0.61365354]
 [0.9200352  0.13120893]
 [0.6247983  0.7093823 ]
 [0.8581913  0.13120893]
 [0.44718665 0.7934721 ]
 [0.8581913  0.61365354]
 [0.9200352  0.7093823 ]
 [0.5376708  0.13120893]]
Best mechanism of last generation: [0.9200352  0.61365354]
Time taken: 16045.214644670486 seconds
