Current population:
[[0.69846225 0.39224553]
 [0.622318   0.76737225]
 [0.9773458  0.68891275]
 [0.67447484 0.81175256]
 [0.5002744  0.23192239]
 [0.79761326 0.29933143]
 [0.3669783  0.33484983]
 [0.7478945  0.12797499]
 [0.37997437 0.02747166]
 [0.0175662  0.7189661 ]]
********************
Scores: [25265 29570 39775 34680 25975 30020 24110 32605 33605 23570]
Best score: 39775
Selected population:
[[0.69846225 0.39224553]
 [0.0175662  0.7189661 ]
 [0.9773458  0.68891275]
 [0.622318   0.76737225]]
Next generation:
[[0.9773458  0.68891275]
 [0.0175662  0.7189661 ]
 [0.9773458  0.39224553]
 [0.69846225 0.68891275]
 [0.0175662  0.68891275]
 [0.8303338  0.7349809 ]
 [0.8402757  0.4703113 ]
 [0.622318   0.39224553]
 [0.61728954 0.52160037]
 [0.         0.52202845]]
********************
Scores: [39415 32425 32885 26145 32505 33480 27310 17945 19925 31090]
Best score: 39415
Selected population:
[[0.9773458  0.68891275]
 [0.0175662  0.68891275]
 [0.8402757  0.4703113 ]
 [0.61728954 0.52160037]]
Next generation:
[[0.61728954 0.52160037]
 [0.8402757  0.4703113 ]
 [0.8402757  0.68891275]
 [0.05099015 0.50294954]
 [0.59696555 0.68662226]
 [0.9773458  0.4703113 ]
 [0.0175662  0.52160037]
 [0.8402757  0.68891275]
 [0.9773458  0.4703113 ]
 [0.04671396 0.7378438 ]]
********************
Scores: [16770 24855 29305 28610 19120 33605 30270 29305 33605 36290]
Best score: 36290
Selected population:
[[0.61728954 0.52160037]
 [0.9773458  0.4703113 ]
 [0.8402757  0.4703113 ]
 [0.05099015 0.50294954]]
Next generation:
[[0.05099015 0.50294954]
 [0.9773458  0.4703113 ]
 [0.86510384 0.5467697 ]
 [0.9773458  0.4703113 ]
 [0.1048718  0.25680768]
 [0.8348176  0.40425098]
 [0.7030852  0.75825197]
 [0.61728954 0.4703113 ]
 [0.25226668 0.4870413 ]
 [0.9773458  0.50294954]]
********************
Scores: [29870 33625 28200 33625 34560 23525 23600 18090 27365 34320]
Best score: 34560
Selected population:
[[0.8348176  0.40425098]
 [0.05099015 0.50294954]
 [0.7030852  0.75825197]
 [0.86510384 0.5467697 ]]
Next generation:
[[0.05099015 0.50294954]
 [0.7030852  0.75825197]
 [0.04923448 0.4605975 ]
 [0.7569385  0.56877404]
 [0.75370526 0.51661664]
 [0.86510384 0.40425098]
 [0.8348176  0.50294954]
 [0.15289035 0.32055175]
 [0.76077634 0.4162979 ]
 [0.7030852  0.5467697 ]]
********************
Scores: [26785 29855 30790 27065 22925 33275 32135 36660 21465 19025]
Best score: 36660
Selected population:
[[0.05099015 0.50294954]
 [0.15289035 0.32055175]
 [0.76077634 0.4162979 ]
 [0.86510384 0.40425098]]
Next generation:
[[0.76077634 0.4162979 ]
 [0.15289035 0.32055175]
 [0.15289035 0.4162979 ]
 [0.7285069  0.27776957]
 [0.86510384 0.50294954]
 [0.86510384 0.50294954]
 [0.76077634 0.40425098]
 [0.09425197 0.41485023]
 [0.86510384 0.32055175]
 [0.         0.38402823]]
********************
Scores: [23890 32760 31415 22610 33445 33445 24265 29175 28995 27710]
Best score: 33445
Selected population:
[[0.86510384 0.50294954]
 [0.86510384 0.32055175]
 [0.76077634 0.4162979 ]
 [0.         0.38402823]]
Next generation:
[[0.76077634 0.4162979 ]
 [0.86510384 0.32055175]
 [0.8957845  0.48087806]
 [0.76077634 0.50294954]
 [0.76077634 0.38402823]
 [0.8082551  0.42593408]
 [0.94869053 0.22815403]
 [0.         0.50294954]
 [0.86510384 0.38402823]
 [0.83901286 0.4134839 ]]
********************
Scores: [18070 26425 38630 22245 17150 24680 33615 31475 29995 27800]
Best score: 38630
Selected population:
[[0.94869053 0.22815403]
 [0.86510384 0.38402823]
 [0.76077634 0.50294954]
 [0.8957845  0.48087806]]
Next generation:
[[0.94869053 0.22815403]
 [0.76077634 0.50294954]
 [0.76077634 0.22815403]
 [0.95717597 0.55228907]
 [0.93823266 0.24062753]
 [0.86510384 0.50294954]
 [0.6716125  0.3037405 ]
 [0.8957845  0.22815403]
 [0.7301079  0.47486433]
 [0.76077634 0.38402823]]
********************
Scores: [33965 26060 20740 44835 32900 35925 14570 29985 21160 19825]
Best score: 44835
Selected population:
[[0.86510384 0.50294954]
 [0.94869053 0.22815403]
 [0.7301079  0.47486433]
 [0.8957845  0.22815403]]
Next generation:
[[0.94869053 0.22815403]
 [0.86510384 0.50294954]
 [0.59394664 0.4898639 ]
 [0.94869053 0.47486433]
 [0.8391836  0.13083756]
 [0.9302892  0.72401226]
 [0.89748424 0.3056429 ]
 [0.7301079  0.50294954]
 [0.69827414 0.6184288 ]
 [0.94869053 0.50294954]]
********************
Scores: [27255 30770 13235 36095 23505 43335 24940 17565 19990 38665]
Best score: 43335
Selected population:
[[0.89748424 0.3056429 ]
 [0.86510384 0.50294954]
 [0.94869053 0.47486433]
 [0.7301079  0.50294954]]
Next generation:
[[0.89748424 0.3056429 ]
 [0.94869053 0.47486433]
 [0.89748424 0.50294954]
 [0.94869053 0.50294954]
 [0.94869053 0.50294954]
 [0.91776854 0.5396563 ]
 [0.80107206 0.26172724]
 [0.89748424 0.50294954]
 [0.8197177  0.67087   ]
 [0.7575083  0.5508139 ]]
********************
Scores: [18160 33845 30735 36775 36775 31655 11040 30735 25440 16320]
Best score: 36775
Selected population:
[[0.94869053 0.50294954]
 [0.7575083  0.5508139 ]
 [0.91776854 0.5396563 ]
 [0.80107206 0.26172724]]
Next generation:
[[0.94869053 0.50294954]
 [0.80107206 0.26172724]
 [0.80107206 0.50294954]
 [0.94869053 0.26172724]
 [0.80107206 0.5508139 ]
 [0.91776854 0.26172724]
 [0.7122662  0.59285885]
 [0.91776854 0.50294954]
 [0.94869053 0.5508139 ]
 [0.7575083  0.26172724]]
********************
Scores: [39375 15565 24390 29625 25950 27190 17895 36565 41155 13850]
Best score: 41155
Selected population:
[[0.80107206 0.50294954]
 [0.94869053 0.50294954]
 [0.91776854 0.26172724]
 [0.94869053 0.26172724]]
Next generation:
[[0.94869053 0.26172724]
 [0.91776854 0.26172724]
 [0.91776854 0.26172724]
 [0.80107206 0.50294954]
 [0.6482426  0.49073118]
 [0.94869053 0.26172724]
 [0.94869053 0.26172724]
 [0.85822785 0.13114592]
 [0.92266315 0.15964736]
 [1.         0.28959563]]
********************
Scores: [30420 27335 27335 24215 14430 30420 30420 27925 30480 36030]
Best score: 36030
Selected population:
[[0.91776854 0.26172724]
 [0.85822785 0.13114592]
 [0.94869053 0.26172724]
 [0.80107206 0.50294954]]
Next generation:
[[0.80107206 0.50294954]
 [0.94869053 0.26172724]
 [0.85822785 0.50294954]
 [0.8605183  0.49704227]
 [0.83014756 0.11730711]
 [0.85822785 0.50294954]
 [0.94869053 0.13114592]
 [0.94869053 0.50294954]
 [0.94869053 0.13114592]
 [0.94869053 0.50294954]]
********************
Scores: [21030 26470 29295 25975 18615 29295 24775 40500 24775 40500]
Best score: 40500
Selected population:
[[0.94869053 0.13114592]
 [0.94869053 0.50294954]
 [0.94869053 0.50294954]
 [0.80107206 0.50294954]]
Next generation:
[[0.80107206 0.50294954]
 [0.94869053 0.50294954]
 [0.88149136 0.6248972 ]
 [0.94869053 0.13114592]
 [0.80107206 0.13114592]
 [0.9538727  0.52218425]
 [0.94869053 0.50294954]
 [0.6422161  0.6212161 ]
 [0.8112763  0.39496803]
 [1.         0.5807423 ]]
********************
Scores: [22395 33530 32835 24335 18350 37585 33530 12660 19120 42360]
Best score: 42360
Selected population:
[[0.88149136 0.6248972 ]
 [1.         0.5807423 ]
 [0.6422161  0.6212161 ]
 [0.9538727  0.52218425]]
Next generation:
[[0.9538727  0.52218425]
 [0.6422161  0.6212161 ]
 [0.6422161  0.6248972 ]
 [0.8510798  0.73617077]
 [0.9969826  0.7302179 ]
 [0.7039557  0.68167573]
 [0.88149136 0.5807423 ]
 [0.7407769  0.6815564 ]
 [1.         0.6248972 ]
 [1.         0.52218425]]
********************
Scores: [32335 11240 11160 27710 44230 16795 27175 21135 39930 38100]
Best score: 44230
Selected population:
[[0.6422161  0.6212161 ]
 [0.9969826  0.7302179 ]
 [0.88149136 0.5807423 ]
 [0.7039557  0.68167573]]
Next generation:
[[0.9969826  0.7302179 ]
 [0.88149136 0.5807423 ]
 [0.6211848  0.4328071 ]
 [0.83188057 0.594475  ]
 [0.9148686  0.6960298 ]
 [1.         0.49267608]
 [0.9969826  0.6212161 ]
 [0.89898264 0.6790727 ]
 [0.7577629  0.5450943 ]
 [0.9969826  0.68167573]]
********************
Scores: [41725 21625  9270 17580 29395 30095 34875 28445 12915 37255]
Best score: 41725
Selected population:
[[0.9969826  0.7302179 ]
 [0.6211848  0.4328071 ]
 [0.9148686  0.6960298 ]
 [0.88149136 0.5807423 ]]
Next generation:
[[0.9148686  0.6960298 ]
 [0.6211848  0.4328071 ]
 [0.9969826  0.4328071 ]
 [0.5902623  0.4163958 ]
 [1.         0.41190097]
 [0.9902176  0.5844277 ]
 [0.9148686  0.7302179 ]
 [1.         0.5066321 ]
 [0.50804174 0.5455577 ]
 [0.82992554 0.59190464]]
********************
Scores: [31920 16440 29730 15240 29350 36110 34300 33750 12820 22055]
Best score: 36110
Selected population:
[[1.         0.5066321 ]
 [0.6211848  0.4328071 ]
 [1.         0.41190097]
 [0.82992554 0.59190464]]
Next generation:
[[1.         0.41190097]
 [0.6211848  0.4328071 ]
 [1.         0.4328071 ]
 [1.         0.52864087]
 [0.6253803  0.62895536]
 [0.88126457 0.6485352 ]
 [0.82992554 0.4328071 ]
 [0.6211848  0.5066321 ]
 [1.         0.54952747]
 [1.         0.27669948]]
********************
Scores: [33295 11135 33470 38755 16480 31975 22245 14575 39450 28000]
Best score: 39450
Selected population:
[[1.         0.27669948]
 [1.         0.4328071 ]
 [1.         0.54952747]
 [0.82992554 0.4328071 ]]
Next generation:
[[1.         0.27669948]
 [1.         0.4328071 ]
 [0.82992554 0.27669948]
 [0.89842343 0.36344206]
 [0.82992554 0.4328071 ]
 [1.         0.54952747]
 [1.         0.54952747]
 [1.         0.6531007 ]
 [0.61964214 0.19897602]
 [1.         0.54708666]]
********************
Scores: [24855 29705 14025 21155 18020 34575 34575 40890 17735 35745]
Best score: 40890
Selected population:
[[1.         0.54952747]
 [1.         0.54708666]
 [0.82992554 0.4328071 ]
 [1.         0.6531007 ]]
Next generation:
[[1.         0.54708666]
 [1.         0.6531007 ]
 [0.9343344  0.31449625]
 [0.7373647  0.4806321 ]
 [1.         0.4328071 ]
 [1.         0.54952747]
 [0.879783   0.46151575]
 [1.         0.54708666]
 [1.         0.27129057]
 [0.9861451  0.691825  ]]
********************
Scores: [33740 38485 16375  9295 26870 31780 17775 33740 19615 38720]
Best score: 38720
Selected population:
[[1.         0.54708666]
 [0.879783   0.46151575]
 [1.         0.54708666]
 [0.9343344  0.31449625]]
Next generation:
[[1.         0.54708666]
 [0.879783   0.46151575]
 [1.         0.54708666]
 [1.         0.31449625]
 [0.9343344  0.46151575]
 [0.9545235  0.14262408]
 [1.         0.31449625]
 [0.97724414 0.42145097]
 [0.879783   0.54708666]
 [1.         0.32092714]]
Best mechanism of last generation: [0.9861451 0.691825 ]
Time taken: 32659.667155504227 seconds
