Current population:
[[0.69846225 0.39224553]
 [0.622318   0.76737225]
 [0.9773458  0.68891275]
 [0.67447484 0.81175256]
 [0.5002744  0.23192239]
 [0.79761326 0.29933143]
 [0.3669783  0.33484983]
 [0.7478945  0.12797499]
 [0.37997437 0.02747166]
 [0.0175662  0.7189661 ]]
********************
Scores: [4360 4420 4885 4465 3800 4005 3410 5010 5010 3290]
Best score: 5010
Selected population:
[[0.67447484 0.81175256]
 [0.9773458  0.68891275]
 [0.7478945  0.12797499]
 [0.37997437 0.02747166]]
Next generation:
[[0.9773458  0.81175256]
 [0.67447484 0.68891275]
 [0.7478945  0.81175256]
 [0.67447484 0.12797499]
 [0.         1.        ]
 [0.67447484 0.02747166]
 [0.67447484 0.02747166]
 [0.37997437 0.12797499]
 [0.7478945  0.02747166]
 [0.37997437 0.81175256]]
********************
Scores: [3715 3600 4400 3265 3120 3135 3135 3100 3140 3120]
Best score: 4400
Selected population:
[[0.67447484 0.12797499]
 [0.67447484 0.68891275]
 [0.9773458  0.81175256]
 [0.7478945  0.81175256]]
Next generation:
[[1.         1.        ]
 [1.         0.4279311 ]
 [0.9773458  0.81175256]
 [0.7478945  0.68891275]
 [0.9773458  0.81175256]
 [0.89753    0.08874488]
 [0.67447484 0.12797499]
 [0.67447484 0.81175256]
 [0.9773458  0.68891275]
 [0.67447484 0.81175256]]
********************
Scores: [4235 3725 3290 3950 3290 3245 3195 3745 3610 3745]
Best score: 4235
Selected population:
[[0.67447484 0.81175256]
 [0.67447484 0.81175256]
 [0.7478945  0.68891275]
 [1.         1.        ]]
Next generation:
[[1.         0.81175256]
 [0.67447484 1.        ]
 [0.7478945  1.        ]
 [0.7478945  0.81175256]
 [0.67447484 1.        ]
 [0.67447484 0.81175256]
 [0.67447484 0.81175256]
 [0.         0.        ]
 [1.         0.98949313]
 [0.7478945  0.81175256]]
********************
Scores: [3955 3245 3085 3310 3245 3880 3880 3400 4155 3310]
Best score: 4155
Selected population:
[[0.67447484 0.81175256]
 [0.67447484 0.81175256]
 [1.         0.81175256]
 [1.         0.98949313]]
Next generation:
[[1.         0.81175256]
 [0.67447484 0.81175256]
 [0.67447484 0.81175256]
 [0.         0.8651484 ]
 [1.         0.98949313]
 [0.66840464 1.        ]
 [1.         0.81175256]
 [1.         0.81175256]
 [1.         0.81175256]
 [1.         0.81175256]]
********************
Scores: [3955 3880 3880 3040 4155 2340 3955 3955 3955 3955]
Best score: 4155
Selected population:
[[1.         0.81175256]
 [1.         0.81175256]
 [1.         0.81175256]
 [1.         0.98949313]]
Next generation:
[[1.         0.81175256]
 [1.         0.95744884]
 [1.         0.98949313]
 [1.         0.98949313]
 [1.         0.81175256]
 [0.         1.        ]
 [1.         0.81175256]
 [1.         0.98949313]
 [1.         0.81175256]
 [1.         0.81175256]]
********************
Scores: [3955 4145 4155 4155 3955 3145 3955 4155 3955 3955]
Best score: 4155
Selected population:
[[1.         0.95744884]
 [1.         0.98949313]
 [1.         0.98949313]
 [1.         0.98949313]]
Next generation:
[[1.         0.98949313]
 [0.61952364 1.        ]
 [1.         0.95744884]
 [1.         0.98949313]
 [1.         0.95744884]
 [1.         0.98949313]
 [1.         0.98949313]
 [1.         0.98949313]
 [1.         0.95744884]
 [1.         0.98949313]]
********************
Scores: [3870 4070 3675 3870 3675 3870 3870 3870 3675 3870]
Best score: 4070
Selected population:
[[1.         0.98949313]
 [1.         0.98949313]
 [1.         0.98949313]
 [0.61952364 1.        ]]
Next generation:
[[1.         0.98949313]
 [1.         0.98949313]
 [0.61952364 0.98949313]
 [0.61952364 0.98949313]
 [1.         0.98949313]
 [1.         1.        ]
 [1.         0.98949313]
 [1.         0.98949313]
 [1.         0.98949313]
 [1.         1.        ]]
********************
Scores: [3870 3870 3395 3395 3870 3455 3870 3870 3870 3455]
Best score: 3870
Selected population:
[[1.         0.98949313]
 [1.         0.98949313]
 [1.         0.98949313]
 [1.         0.98949313]]
Next generation:
[[1.         0.98949313]
 [1.         0.98949313]
 [1.         0.98949313]
 [1.         0.6976063 ]
 [1.         0.98949313]
 [1.         0.98949313]
 [1.         0.98949313]
 [1.         0.98949313]
 [1.         0.98949313]
 [1.         0.98949313]]
********************
Scores: [3870 3870 3870 3075 3870 3870 3870 3870 3870 3870]
Best score: 3870
Selected population:
[[1.         0.98949313]
 [1.         0.98949313]
 [1.         0.98949313]
 [1.         0.98949313]]
Next generation:
[[1.         0.98949313]
 [1.         0.98949313]
 [1.         0.98949313]
 [1.         0.98949313]
 [1.         0.98949313]
 [1.         0.98949313]
 [1.         0.98949313]
 [1.         0.98949313]
 [1.         0.98949313]
 [1.         0.98949313]]
********************
Scores: [3870 3870 3870 3870 3870 3870 3870 3870 3870 3870]
Best score: 3870
Selected population:
[[1.         0.98949313]
 [1.         0.98949313]
 [1.         0.98949313]
 [1.         0.98949313]]
Next generation:
[[1.         0.98949313]
 [1.         0.98949313]
 [1.         0.98949313]
 [1.         0.98949313]
 [1.         0.98949313]
 [1.         0.98949313]
 [1.         0.98949313]
 [1.         0.98949313]
 [1.         0.98949313]
 [1.         0.98949313]]
Best mechanism: [1.         0.98949313]
Time taken: 21086.93310070038 seconds
