Current population:
[[0.69846225 0.39224553]
 [0.622318   0.76737225]
 [0.9773458  0.68891275]
 [0.67447484 0.81175256]
 [0.5002744  0.23192239]
 [0.79761326 0.29933143]
 [0.3669783  0.33484983]
 [0.7478945  0.12797499]
 [0.37997437 0.02747166]
 [0.0175662  0.7189661 ]]
********************
Scores: [569163.6  600432.94 802923.25 640197.3  170764.34 589494.7  246533.19
 143258.81 140009.98 214493.06]
Best score: 802923.25
Selected population:
[[0.79761326 0.29933143]
 [0.622318   0.76737225]
 [0.67447484 0.81175256]
 [0.9773458  0.68891275]]
Next generation:
[[0.9773458  0.68891275]
 [0.67447484 0.81175256]
 [0.622318   0.29933143]
 [0.72484803 0.8487545 ]
 [0.84878826 0.41273648]
 [0.79761326 0.81175256]
 [0.1309143  0.3644446 ]
 [0.76783985 0.40170223]
 [0.7855943  0.757527  ]
 [0.851252   0.78939337]]
********************
Scores: [802923.25 640197.3  469880.16 678504.   655370.6  718002.9  145163.8
 605930.   700435.75 747369.5 ]
Best score: 802923.25
Selected population:
[[0.7855943  0.757527  ]
 [0.79761326 0.81175256]
 [0.851252   0.78939337]
 [0.9773458  0.68891275]]
Next generation:
[[0.9773458  0.68891275]
 [0.7855943  0.757527  ]
 [0.9548471  0.88424456]
 [0.9773458  0.757527  ]
 [1.         0.8602725 ]
 [0.9062664  0.81751823]
 [0.6198083  0.6446197 ]
 [0.9773458  0.81175256]
 [0.851252   0.68891275]
 [1.         0.64479184]]
********************
Scores: [802923.25 700435.75 833364.25 818853.75 856502.44 787489.06 576342.6
 829638.3  726986.4  806323.7 ]
Best score: 856502.4375
Selected population:
[[0.9773458  0.757527  ]
 [0.9773458  0.81175256]
 [0.9548471  0.88424456]
 [1.         0.8602725 ]]
Next generation:
[[0.9548471  0.88424456]
 [1.         0.8602725 ]
 [1.         0.79330665]
 [1.         0.9679166 ]
 [1.         0.6221824 ]
 [0.95200735 0.8660791 ]
 [1.         0.757527  ]
 [0.92417324 0.860101  ]
 [0.9548471  0.8602725 ]
 [0.68033385 0.8144956 ]]
********************
Scores: [833364.25 856502.44 842219.25 881018.56 799833.06 827563.3  833119.94
 808707.5  828319.8  643822.75]
Best score: 881018.5625
Selected population:
[[0.9548471  0.88424456]
 [1.         0.79330665]
 [1.         0.8602725 ]
 [1.         0.9679166 ]]
Next generation:
[[1.         0.79330665]
 [1.         0.9679166 ]
 [1.         1.        ]
 [0.9548471  0.79330665]
 [0.84811264 0.7232786 ]
 [0.7882906  0.70829475]
 [1.         0.9203886 ]
 [0.99784184 1.        ]
 [1.         0.88424456]
 [0.9548471  0.8602725 ]]
********************
Scores: [842219.25 881018.56 889583.06 813022.2  730417.4  692848.   869908.5
 887388.94 862534.1  828319.8 ]
Best score: 889583.0625
Selected population:
[[1.         0.9203886 ]
 [1.         0.9679166 ]
 [0.99784184 1.        ]
 [1.         1.        ]]
Next generation:
[[1.         1.        ]
 [0.99784184 1.        ]
 [1.         0.8802636 ]
 [0.796033   0.9785958 ]
 [0.99784184 1.        ]
 [0.93368095 1.        ]
 [0.7885394  1.        ]
 [1.         0.9203886 ]
 [1.         0.9679166 ]
 [1.         1.        ]]
********************
Scores: [889583.06 887388.94 860326.2  749351.3  887388.94 844954.94 749163.25
 869908.5  881018.56 889583.06]
Best score: 889583.0625
Selected population:
[[0.99784184 1.        ]
 [0.99784184 1.        ]
 [1.         1.        ]
 [1.         1.        ]]
Next generation:
[[0.99784184 1.        ]
 [1.         1.        ]
 [1.         0.8764176 ]
 [1.         1.        ]
 [1.         1.        ]
 [1.         1.        ]
 [1.         1.        ]
 [0.7466521  1.        ]
 [1.         1.        ]
 [0.99280393 0.8924622 ]]
********************
Scores: [887388.94 889583.06 859878.7  889583.06 889583.06 889583.06 889583.06
 721313.9  889583.06 859562.  ]
Best score: 889583.0625
Selected population:
[[1. 1.]
 [1. 1.]
 [1. 1.]
 [1. 1.]]
Next generation:
[[1.         1.        ]
 [1.         1.        ]
 [0.91248566 0.8557534 ]
 [0.8615992  0.8925818 ]
 [1.         1.        ]
 [0.9239047  1.        ]
 [0.82957065 1.        ]
 [1.         1.        ]
 [1.         1.        ]
 [0.9999804  1.        ]]
********************
Scores: [889583.06 889583.06 799810.2  775434.9  889583.06 837174.   775600.9
 889583.06 889583.06 889002.56]
Best score: 889583.0625
Selected population:
[[1. 1.]
 [1. 1.]
 [1. 1.]
 [1. 1.]]
Next generation:
[[1.         1.        ]
 [1.         1.        ]
 [1.         1.        ]
 [0.80710894 0.98597735]
 [0.8531703  1.        ]
 [1.         1.        ]
 [1.         1.        ]
 [1.         1.        ]
 [0.952934   1.        ]
 [1.         0.82619214]]
********************
Scores: [889583.06 889583.06 889583.06 758319.   791411.4  889583.06 889583.06
 889583.06 857336.5  848365.25]
Best score: 889583.0625
Selected population:
[[1. 1.]
 [1. 1.]
 [1. 1.]
 [1. 1.]]
Next generation:
[[1.         1.        ]
 [1.         1.        ]
 [0.9686948  1.        ]
 [0.87876153 1.        ]
 [0.91125566 1.        ]
 [1.         1.        ]
 [0.84988827 1.        ]
 [1.         1.        ]
 [0.82567    1.        ]
 [1.         0.9931844 ]]
********************
Scores: [889583.06 889583.06 868451.94 808785.2  829456.4  889583.06 789135.5
 889583.06 772851.2  887450.6 ]
Best score: 889583.0625
Selected population:
[[1. 1.]
 [1. 1.]
 [1. 1.]
 [1. 1.]]
Next generation:
[[1.         1.        ]
 [1.         1.        ]
 [0.60761976 1.        ]
 [1.         0.9416226 ]
 [0.7978523  1.        ]
 [1.         1.        ]
 [1.         1.        ]
 [1.         1.        ]
 [1.         1.        ]
 [1.         1.        ]]
Best mechanism: [1. 1.]
Time taken: 4015.9306979179382 seconds
