Current population:
[[0.69846225 0.39224553]
 [0.622318   0.76737225]
 [0.9773458  0.68891275]
 [0.67447484 0.81175256]
 [0.5002744  0.23192239]
 [0.79761326 0.29933143]
 [0.3669783  0.33484983]
 [0.7478945  0.12797499]
 [0.37997437 0.02747166]
 [0.0175662  0.7189661 ]]
********************
Scores: [25265 29570 39775 34680 25975 30020 24110 32605 33605 23570]
Worst score: 23570
Selected population:
[[0.0175662  0.7189661 ]
 [0.3669783  0.33484983]
 [0.69846225 0.39224553]
 [0.5002744  0.23192239]]
Next generation:
[[0.5002744  0.23192239]
 [0.5002744  0.23192239]
 [0.3669783  0.7189661 ]
 [0.         0.4162321 ]
 [0.8727757  0.8323712 ]
 [0.0175662  0.39224553]
 [0.         0.7840793 ]
 [0.         0.        ]
 [0.00554723 0.30053663]
 [0.37418061 0.36988637]]
********************
Scores: [41295 41295 27645 27820 30405 27940 20780 28765 27210 29915]
Worst score: 20780
Selected population:
[[0.         0.7840793 ]
 [0.00554723 0.30053663]
 [0.3669783  0.7189661 ]
 [0.         0.4162321 ]]
Next generation:
[[0.         0.4162321 ]
 [0.         0.4162321 ]
 [0.47057337 0.6115639 ]
 [0.         0.7840793 ]
 [0.3112065  0.7898452 ]
 [0.42199266 0.84407055]
 [0.1355346  0.37193906]
 [0.         0.30053663]
 [0.3669783  0.4162321 ]
 [0.0299271  0.5743646 ]]
********************
Scores: [33190 33190 31345 24040 30415 35920 36925 31430 29060 29570]
Worst score: 24040
Selected population:
[[0.        0.7840793]
 [0.3669783 0.4162321]
 [0.0299271 0.5743646]
 [0.3112065 0.7898452]]
Next generation:
[[0.3112065  0.7898452 ]
 [0.3112065  0.7898452 ]
 [0.4427663  0.81985897]
 [0.47453594 0.8974893 ]
 [0.32334635 0.226662  ]
 [0.         0.55619913]
 [0.3112065  0.7840793 ]
 [0.         0.7896737 ]
 [0.0299271  0.7898452 ]
 [0.         0.4189752 ]]
********************
Scores: [29280 29280 36730 35115 36980 29190 28350 25070 38890 28740]
Worst score: 25070
Selected population:
[[0.         0.7896737 ]
 [0.3112065  0.7840793 ]
 [0.         0.4189752 ]
 [0.         0.55619913]]
Next generation:
[[0.         0.55619913]
 [0.         0.55619913]
 [0.3648323  0.8406724 ]
 [0.         0.7840793 ]
 [0.         0.71405125]
 [0.09949711 0.26699743]
 [0.09262543 0.4790913 ]
 [0.         1.        ]
 [0.         0.7896737 ]
 [0.         0.4189752 ]]
********************
Scores: [29685 29685 34615 29105 25720 46080 34440 38500 25940 33150]
Worst score: 25720
Selected population:
[[0.         0.71405125]
 [0.         0.7896737 ]
 [0.         0.7840793 ]
 [0.         0.55619913]]
Next generation:
[[0.         0.55619913]
 [0.         0.55619913]
 [0.01195566 0.66434294]
 [0.         0.8003529 ]
 [0.         0.55619913]
 [0.         0.9112836 ]
 [0.         0.89468503]
 [0.         0.71405125]
 [0.         0.7896737 ]
 [0.         0.7840793 ]]
********************
Scores: [29185 29185 32590 33315 29185 42465 44420 29260 30420 33950]
Worst score: 29185
Selected population:
[[0.         0.55619913]
 [0.         0.55619913]
 [0.         0.55619913]
 [0.         0.71405125]]
Next generation:
[[0.         0.55619913]
 [0.         0.55619913]
 [0.22457135 0.4326167 ]
 [0.07547579 0.58533835]
 [0.11175577 1.        ]
 [0.         0.71405125]
 [0.06391196 0.6946638 ]
 [0.         0.7852298 ]
 [0.         0.55619913]
 [0.         0.60651344]]
********************
Scores: [29325 29325 38175 36340 48005 26570 38105 30060 29325 25560]
Worst score: 25560
Selected population:
[[0.         0.60651344]
 [0.         0.71405125]
 [0.         0.55619913]
 [0.         0.55619913]]
Next generation:
[[0.         0.55619913]
 [0.         0.55619913]
 [0.         0.4622669 ]
 [0.         0.44878098]
 [0.         0.55619913]
 [0.         0.7935339 ]
 [0.         0.71655667]
 [0.         0.71405125]
 [0.         0.60651344]
 [0.         1.        ]]
********************
Scores: [33325 33325 34735 35095 33325 35040 24015 26365 26415 41330]
Worst score: 24015
Selected population:
[[0.         0.71655667]
 [0.         0.71405125]
 [0.         0.60651344]
 [0.         0.55619913]]
Next generation:
[[0.         0.55619913]
 [0.         0.55619913]
 [0.         0.60651344]
 [0.         0.5421765 ]
 [0.         0.9148377 ]
 [0.         0.71405125]
 [0.         0.71405125]
 [0.         0.60651344]
 [0.         0.8251784 ]
 [0.13626105 0.5427488 ]]
********************
Scores: [29730 29730 25950 31605 40990 29875 29875 25950 34030 38660]
Worst score: 25950
Selected population:
[[0.         0.60651344]
 [0.         0.60651344]
 [0.         0.55619913]
 [0.         0.55619913]]
Next generation:
[[0.         0.55619913]
 [0.         0.55619913]
 [0.         0.85973036]
 [0.         0.96920425]
 [0.         0.6853313 ]
 [0.         0.60651344]
 [0.         1.        ]
 [0.09020879 0.67089015]
 [0.         0.6711537 ]
 [0.13698539 0.5996978 ]]
********************
Scores: [27795 27795 38705 40365 30135 25335 37860 38305 25425 38805]
Worst score: 25335
Selected population:
[[0.         0.60651344]
 [0.         0.6711537 ]
 [0.         0.55619913]
 [0.         0.55619913]]
Next generation:
[[0.         0.55619913]
 [0.         0.55619913]
 [0.         0.70761627]
 [0.24085546 0.49782178]
 [0.         0.77862257]
 [0.         0.60651344]
 [0.         0.60651344]
 [0.2691593  0.8453394 ]
 [0.         0.55619913]
 [0.         0.6711537 ]]
Worst mechanism: [0.         0.60651344]
Time taken: 15515.097969770432 seconds
