Current population:
[[0.69846225 0.39224553]
 [0.622318   0.76737225]
 [0.9773458  0.68891275]
 [0.67447484 0.81175256]
 [0.5002744  0.23192239]
 [0.79761326 0.29933143]
 [0.3669783  0.33484983]
 [0.7478945  0.12797499]
 [0.37997437 0.02747166]
 [0.0175662  0.7189661 ]]
********************
Scores: [25265 29570 39775 34680 25975 30020 24110 32605 33605 23570]
Best score: 39775
Selected population:
[[0.0175662  0.7189661 ]
 [0.3669783  0.33484983]
 [0.69846225 0.39224553]
 [0.5002744  0.23192239]]
Next generation:
[[0.5002744  0.23192239]
 [0.5002744  0.23192239]
 [0.3669783  0.7189661 ]
 [0.         0.49761438]
 [1.         0.9457762 ]
 [0.0175662  0.39224553]
 [0.         0.8491925 ]
 [0.         0.        ]
 [0.0175662  0.23192239]
 [0.24808684 0.3475272 ]]
********************
Scores: [41270 41270 27395 27160 33500 28265 25635 29390 29710 35595]
Best score: 41270
Selected population:
[[0.         0.8491925 ]
 [0.         0.49761438]
 [0.3669783  0.7189661 ]
 [0.0175662  0.39224553]]
Next generation:
[[0.0175662  0.39224553]
 [0.0175662  0.39224553]
 [0.57416844 0.78290915]
 [0.0175662  0.8491925 ]
 [0.6113185  0.8607244 ]
 [0.47700706 0.9691749 ]
 [0.         0.30365944]
 [0.0175662  0.49761438]
 [0.3669783  0.39224553]
 [0.07742041 0.42976305]]
********************
Scores: [33140 33140 29200 40140 32415 30325 30650 29255 31010 32985]
Best score: 40140
Selected population:
[[0.57416844 0.78290915]
 [0.0175662  0.49761438]
 [0.47700706 0.9691749 ]
 [0.         0.30365944]]
Next generation:
[[0.47700706 0.9691749 ]
 [0.         0.30365944]
 [0.16914225 0.85446846]
 [0.23268154 0.5189476 ]
 [1.         0.11847416]
 [0.52349144 0.932844  ]
 [0.         0.78290915]
 [0.46782327 0.30331632]
 [0.47700706 0.30365944]
 [0.         0.5031006 ]]
********************
Scores: [35150 25965 29940 27995 46890 33865 24390 31180 29260 27730]
Best score: 46890
Selected population:
[[0.         0.78290915]
 [0.         0.30365944]
 [0.         0.5031006 ]
 [0.23268154 0.5189476 ]]
Next generation:
[[0.23268154 0.5189476 ]
 [0.         0.30365944]
 [0.10725167 1.        ]
 [0.         0.30365944]
 [0.         0.16360326]
 [0.         0.19914502]
 [0.4179324  0.62333274]
 [0.         1.        ]
 [0.         0.78290915]
 [0.         0.5031006 ]]
********************
Scores: [35510 28615 43025 28615 30130 28530 30235 37415 22620 30815]
Best score: 43025
Selected population:
[[0.         0.78290915]
 [0.         0.19914502]
 [0.         0.30365944]
 [0.         0.30365944]]
Next generation:
[[0.         0.30365944]
 [0.         0.30365944]
 [0.02391132 0.06418674]
 [0.         0.22050337]
 [0.         0.30365944]
 [0.         0.4423648 ]
 [0.         0.40916774]
 [0.         0.78290915]
 [0.         0.19914502]
 [0.         0.30365944]]
********************
Scores: [31445 31445 27865 33530 31445 38625 40740 19140 28335 31445]
Best score: 40740
Selected population:
[[0.         0.78290915]
 [0.02391132 0.06418674]
 [0.         0.19914502]
 [0.         0.30365944]]
Next generation:
[[0.         0.30365944]
 [0.         0.19914502]
 [0.4491427  0.        ]
 [0.15095158 0.25742352]
 [0.24742286 0.9541929 ]
 [0.         0.30365944]
 [0.12782392 0.47607443]
 [0.         1.        ]
 [0.         0.06418674]
 [0.0138355  0.0885838 ]]
********************
Scores: [24410 24090 44870 37645 45840 24410 35360 31350 28035 24900]
Best score: 45840
Selected population:
[[0.         0.19914502]
 [0.         0.30365944]
 [0.         0.30365944]
 [0.0138355  0.0885838 ]]
Next generation:
[[0.         0.30365944]
 [0.         0.19914502]
 [0.         0.        ]
 [0.         0.30365944]
 [0.         0.30365944]
 [0.         0.778329  ]
 [0.         0.19914502]
 [0.0138355  0.30365944]
 [0.         0.19914502]
 [0.         0.9507428 ]]
********************
Scores: [28450 28000 32590 28450 28450 18160 28000 25540 28000 41985]
Best score: 41985
Selected population:
[[0.         0.778329  ]
 [0.0138355  0.30365944]
 [0.         0.19914502]
 [0.         0.19914502]]
Next generation:
[[0.         0.19914502]
 [0.         0.19914502]
 [0.         0.19914502]
 [0.         0.17109974]
 [0.0138355  0.778329  ]
 [0.         0.30365944]
 [0.         0.30365944]
 [0.         0.19914502]
 [0.         0.9955724 ]
 [0.2725221  0.43071324]]
********************
Scores: [27935 27935 27935 30885 17700 27120 27120 27935 39845 32545]
Best score: 39845
Selected population:
[[0.0138355  0.778329  ]
 [0.         0.30365944]
 [0.         0.30365944]
 [0.         0.19914502]]
Next generation:
[[0.         0.19914502]
 [0.         0.19914502]
 [0.         0.8100932 ]
 [0.         1.        ]
 [0.         0.56192374]
 [0.0138355  0.30365944]
 [0.0138355  0.30365944]
 [0.0138355  0.19914502]
 [0.         0.90760964]
 [0.27397078 0.29002818]]
********************
Scores: [30905 30905 22835 40445 25645 30435 30435 33610 27725 45065]
Best score: 45065
Selected population:
[[0.         0.8100932 ]
 [0.         0.56192374]
 [0.         0.90760964]
 [0.0138355  0.30365944]]
Next generation:
[[0.         0.90760964]
 [0.0138355  0.30365944]
 [0.         0.63484883]
 [0.4817109  0.1869047 ]
 [0.         0.56192374]
 [0.         0.8100932 ]
 [0.0138355  0.8100932 ]
 [0.5383186  0.88193995]
 [0.         0.30365944]
 [0.         0.56192374]]
Best mechanism: [0.27397078 0.29002818]
Time taken: 15714.267296791077 seconds
