Current population:
[[0.69846225 0.39224553]
 [0.622318   0.76737225]
 [0.9773458  0.68891275]
 [0.67447484 0.81175256]
 [0.5002744  0.23192239]
 [0.79761326 0.29933143]
 [0.3669783  0.33484983]
 [0.7478945  0.12797499]
 [0.37997437 0.02747166]
 [0.0175662  0.7189661 ]]
********************
Scores: [25265 29570 39775 34680 25975 30020 24110 32605 33605 23570]
Worst score: 23570
Selected population:
[[0.0175662  0.7189661 ]
 [0.3669783  0.33484983]
 [0.69846225 0.39224553]
 [0.5002744  0.23192239]]
Next generation:
[[0.5002744  0.23192239]
 [0.5002744  0.23192239]
 [0.3669783  0.7189661 ]
 [0.         0.37554097]
 [0.78561896 0.7756687 ]
 [0.0175662  0.39224553]
 [0.12127642 0.7515227 ]
 [0.00267951 0.08831713]
 [0.01155672 0.2662295 ]
 [0.43722752 0.38106593]]
********************
Scores: [40800 40800 26535 29735 30835 26185 32255 24155 29185 31260]
Worst score: 24155
Selected population:
[[0.00267951 0.08831713]
 [0.0175662  0.39224553]
 [0.3669783  0.7189661 ]
 [0.01155672 0.2662295 ]]
Next generation:
[[0.01155672 0.2662295 ]
 [0.01155672 0.2662295 ]
 [0.41877583 0.36389542]
 [0.01155672 0.08831713]
 [0.17039584 0.7544057 ]
 [0.39448547 0.11831274]
 [0.25125644 0.24408299]
 [0.01155672 0.39224553]
 [0.3669783  0.2662295 ]
 [0.02652027 0.64666533]]
********************
Scores: [26185 26185 35725 23820 34280 47900 42365 27050 44985 20775]
Worst score: 20775
Selected population:
[[0.02652027 0.64666533]
 [0.01155672 0.08831713]
 [0.01155672 0.2662295 ]
 [0.01155672 0.2662295 ]]
Next generation:
[[0.01155672 0.2662295 ]
 [0.01155672 0.2662295 ]
 [0.04945073 0.66455513]
 [0.06533555 0.32005155]
 [0.15826634 0.        ]
 [0.01385102 0.25714678]
 [0.01155672 0.64666533]
 [0.         0.26614374]
 [0.01155672 0.2662295 ]
 [0.         0.08968867]]
********************
Scores: [31570 31570 27320 41160 29040 28665 25130 31150 31570 28500]
Worst score: 25130
Selected population:
[[0.01155672 0.64666533]
 [0.04945073 0.66455513]
 [0.         0.08968867]
 [0.01385102 0.25714678]]
Next generation:
[[0.01385102 0.25714678]
 [0.         0.08968867]
 [0.07626364 0.3993834 ]
 [0.01155672 0.66455513]
 [0.         0.6295411 ]
 [0.         0.01369978]
 [0.06016374 0.11974671]
 [0.         0.7769458 ]
 [0.         0.64666533]
 [0.01155672 0.08968867]]
********************
Scores: [30905 33890 40720 27775 22350 30635 35430 27935 23410 30055]
Worst score: 22350
Selected population:
[[0.         0.6295411 ]
 [0.         0.64666533]
 [0.01155672 0.66455513]
 [0.         0.7769458 ]]
Next generation:
[[0.         0.7769458 ]
 [0.         0.7769458 ]
 [0.00597783 0.604687  ]
 [0.         0.6520049 ]
 [0.01155672 0.7769458 ]
 [0.         0.7074703 ]
 [0.         0.699171  ]
 [0.         0.6295411 ]
 [0.         0.64666533]
 [0.         0.66455513]]
********************
Scores: [39295 39295 30655 25845 43920 33890 33835 24140 25990 31145]
Worst score: 24140
Selected population:
[[0.         0.6295411 ]
 [0.         0.6520049 ]
 [0.         0.64666533]
 [0.00597783 0.604687  ]]
Next generation:
[[0.00597783 0.604687  ]
 [0.00597783 0.604687  ]
 [0.11826351 0.58487415]
 [0.03773789 0.661235  ]
 [0.05587788 0.76732033]
 [0.         0.604687  ]
 [0.03793381 0.7158977 ]
 [0.         0.7440564 ]
 [0.         0.6520049 ]
 [0.         0.55091804]]
********************
Scores: [25375 25375 39030 37190 43830 22035 39620 29620 22640 27015]
Worst score: 22035
Selected population:
[[0.         0.604687  ]
 [0.         0.6520049 ]
 [0.00597783 0.604687  ]
 [0.00597783 0.604687  ]]
Next generation:
[[0.00597783 0.604687  ]
 [0.00597783 0.604687  ]
 [0.         0.5325637 ]
 [0.         0.5509779 ]
 [0.         0.604687  ]
 [0.         0.7233544 ]
 [0.         0.6597086 ]
 [0.00597783 0.6520049 ]
 [0.00597783 0.604687  ]
 [0.         0.8137757 ]]
********************
Scores: [25960 25960 28620 31080 22625 33905 21500 29735 25960 37165]
Worst score: 21500
Selected population:
[[0.         0.6597086 ]
 [0.         0.604687  ]
 [0.00597783 0.604687  ]
 [0.00597783 0.604687  ]]
Next generation:
[[0.00597783 0.604687  ]
 [0.00597783 0.604687  ]
 [0.         0.604687  ]
 [0.         0.5976757 ]
 [0.         0.75884914]
 [0.00597783 0.604687  ]
 [0.         0.604687  ]
 [0.         0.604687  ]
 [0.         0.7140195 ]
 [0.07410835 0.5728047 ]]
********************
Scores: [26760 26760 21615 23540 36090 26760 21615 21615 32195 39300]
Worst score: 21615
Selected population:
[[0.        0.604687 ]
 [0.        0.604687 ]
 [0.        0.604687 ]
 [0.        0.5976757]]
Next generation:
[[0.         0.604687  ]
 [0.         0.5976757 ]
 [0.         0.7312954 ]
 [0.         0.80417824]
 [0.         0.66925305]
 [0.         0.604687  ]
 [0.         0.9100665 ]
 [0.0451044  0.6550212 ]
 [0.         0.6370071 ]
 [0.0684927  0.60127914]]
********************
Scores: [24350 25835 31050 32370 26145 24350 41950 42270 21235 39975]
Worst score: 21235
Selected population:
[[0.        0.6370071]
 [0.        0.604687 ]
 [0.        0.604687 ]
 [0.        0.5976757]]
Next generation:
[[0.         0.5976757 ]
 [0.         0.6370071 ]
 [0.         0.62291825]
 [0.12042773 0.568487  ]
 [0.         0.6584214 ]
 [0.         0.6370071 ]
 [0.         0.6370071 ]
 [0.13457964 0.7422458 ]
 [0.         0.5976757 ]
 [0.         0.604687  ]]
********************
Scores: [29230 23930 28655 34495 25805 23930 23930 44305 29230 25770]
Worst score: 23930
Selected population:
[[0.        0.6370071]
 [0.        0.6370071]
 [0.        0.6370071]
 [0.        0.604687 ]]
Next generation:
[[0.         0.6370071 ]
 [0.         0.604687  ]
 [0.         0.7169974 ]
 [0.         0.604687  ]
 [0.         0.6370071 ]
 [0.07888155 0.55813295]
 [0.         0.6370071 ]
 [0.         0.8036116 ]
 [0.         0.6370071 ]
 [0.07035922 0.65331936]]
********************
Scores: [24730 25250 35095 25250 24730 38220 24730 35445 24730 42010]
Worst score: 24730
Selected population:
[[0.        0.6370071]
 [0.        0.6370071]
 [0.        0.6370071]
 [0.        0.6370071]]
Next generation:
[[0.         0.6370071 ]
 [0.         0.6370071 ]
 [0.         0.6548311 ]
 [0.         0.6370071 ]
 [0.         0.6370071 ]
 [0.02265664 0.6460054 ]
 [0.         0.6370071 ]
 [0.08173141 0.6100056 ]
 [0.06971215 0.6399018 ]
 [0.         0.8287712 ]]
********************
Scores: [27350 27350 28975 27350 27350 38375 27350 40195 39115 34035]
Worst score: 27350
Selected population:
[[0.        0.6370071]
 [0.        0.6370071]
 [0.        0.6370071]
 [0.        0.6370071]]
Next generation:
[[0.         0.6370071 ]
 [0.         0.6370071 ]
 [0.         0.5180164 ]
 [0.         0.6370071 ]
 [0.12158187 0.69584274]
 [0.00565983 0.5473316 ]
 [0.00696027 0.6462549 ]
 [0.         0.6370071 ]
 [0.10569718 0.5729948 ]
 [0.         0.6802011 ]]
********************
Scores: [27105 27105 29480 27105 40495 29205 27785 27105 34100 32890]
Worst score: 27105
Selected population:
[[0.        0.6370071]
 [0.        0.6370071]
 [0.        0.6370071]
 [0.        0.6370071]]
Next generation:
[[0.         0.6370071 ]
 [0.         0.6370071 ]
 [0.         0.6289228 ]
 [0.06218882 0.6337692 ]
 [0.         0.6370071 ]
 [0.         0.6370071 ]
 [0.         0.6370071 ]
 [0.01761777 0.6281706 ]
 [0.         0.6370071 ]
 [0.         0.6370071 ]]
********************
Scores: [30575 30575 27000 38890 30575 30575 30575 36245 30575 30575]
Worst score: 27000
Selected population:
[[0.        0.6289228]
 [0.        0.6370071]
 [0.        0.6370071]
 [0.        0.6370071]]
Next generation:
[[0.         0.6370071 ]
 [0.         0.6289228 ]
 [0.         0.7593116 ]
 [0.         0.7476843 ]
 [0.         0.5427072 ]
 [0.         0.744722  ]
 [0.         0.6370071 ]
 [0.         0.7257321 ]
 [0.16482991 0.60362184]
 [0.         0.6370071 ]]
********************
Scores: [25210 24020 40165 37165 30885 38350 25210 33360 38325 25210]
Worst score: 24020
Selected population:
[[0.        0.6289228]
 [0.        0.6370071]
 [0.        0.6370071]
 [0.        0.6370071]]
Next generation:
[[0.         0.6370071 ]
 [0.         0.6289228 ]
 [0.         0.6370071 ]
 [0.         0.6289228 ]
 [0.         0.6370071 ]
 [0.         0.6038285 ]
 [0.1293879  0.68053156]
 [0.         0.6289228 ]
 [0.         0.6370071 ]
 [0.         0.6370071 ]]
********************
Scores: [29185 26615 29185 26615 29185 27750 41240 26615 29185 29185]
Worst score: 26615
Selected population:
[[0.        0.6289228]
 [0.        0.6289228]
 [0.        0.6289228]
 [0.        0.6038285]]
Next generation:
[[0.         0.6289228 ]
 [0.         0.6038285 ]
 [0.         0.6289228 ]
 [0.         0.71475655]
 [0.         0.6038285 ]
 [0.         0.6289228 ]
 [0.08781339 0.6027142 ]
 [0.00175811 0.567689  ]
 [0.         0.6289228 ]
 [0.         0.551338  ]]
********************
Scores: [24220 21900 24220 36205 21900 24220 40620 24825 24220 27635]
Worst score: 21900
Selected population:
[[0.        0.6038285]
 [0.        0.6038285]
 [0.        0.6289228]
 [0.        0.6289228]]
Next generation:
[[0.         0.6038285 ]
 [0.         0.6289228 ]
 [0.         0.65395665]
 [0.         0.6289228 ]
 [0.         0.61398363]
 [0.         0.63134944]
 [0.         0.6038285 ]
 [0.         0.6038285 ]
 [0.         0.6289228 ]
 [0.         0.6038285 ]]
********************
Scores: [21595 25250 24810 25250 28935 24120 21595 21595 25250 21595]
Worst score: 21595
Selected population:
[[0.        0.6038285]
 [0.        0.6038285]
 [0.        0.6038285]
 [0.        0.6038285]]
Next generation:
[[0.         0.6038285 ]
 [0.         0.6038285 ]
 [0.         0.6038285 ]
 [0.         0.4286563 ]
 [0.00501243 0.56007415]
 [0.         0.6038285 ]
 [0.         0.4544676 ]
 [0.         0.5422041 ]
 [0.         0.6038285 ]
 [0.         0.6038285 ]]
********************
Scores: [19430 19430 19430 34885 32865 19430 40105 36285 19430 19430]
Worst score: 19430
Selected population:
[[0.        0.6038285]
 [0.        0.6038285]
 [0.        0.6038285]
 [0.        0.6038285]]
Next generation:
[[0.         0.6038285 ]
 [0.         0.6038285 ]
 [0.         0.6038285 ]
 [0.         0.62941337]
 [0.03991308 0.70400405]
 [0.18320619 0.63082856]
 [0.08685886 0.71104455]
 [0.         0.61229086]
 [0.         0.6038285 ]
 [0.         0.613842  ]]
Worst mechanism: [0.        0.6038285]
Time taken: 31891.1025724411 seconds
