Current population:
[[0.69846225 0.39224553]
 [0.622318   0.76737225]
 [0.9773458  0.68891275]
 [0.67447484 0.81175256]
 [0.5002744  0.23192239]
 [0.79761326 0.29933143]
 [0.3669783  0.33484983]
 [0.7478945  0.12797499]
 [0.37997437 0.02747166]
 [0.0175662  0.7189661 ]]
********************
Scores: [25265 29570 39775 34680 25975 30020 24110 32605 33605 23570]
Worst score: 23570
Selected population:
[[0.0175662  0.7189661 ]
 [0.3669783  0.33484983]
 [0.69846225 0.39224553]
 [0.5002744  0.23192239]]
Next generation:
[[0.5002744  0.23192239]
 [0.5002744  0.23192239]
 [0.3669783  0.7189661 ]
 [0.         0.45692325]
 [0.9599324  0.8890737 ]
 [0.0175662  0.39224553]
 [0.         0.8166359 ]
 [0.         0.        ]
 [0.         0.33484375]
 [0.31113374 0.35870677]]
********************
Scores: [40370 40370 28000 26725 30710 26985 20160 28165 29120 29225]
Worst score: 20160
Selected population:
[[0.         0.8166359 ]
 [0.         0.45692325]
 [0.0175662  0.39224553]
 [0.3669783  0.7189661 ]]
Next generation:
[[0.3669783  0.7189661 ]
 [0.3669783  0.7189661 ]
 [0.17295885 1.        ]
 [0.3669783  0.8166359 ]
 [0.45848888 0.49856424]
 [0.10008778 0.90662277]
 [0.         0.65252656]
 [0.3669783  0.45692325]
 [0.0175662  0.7189661 ]
 [0.41186893 0.17534322]]
********************
Scores: [30490 30490 30880 30620 34150 34910 23965 25990 28990 35215]
Worst score: 23965
Selected population:
[[0.         0.65252656]
 [0.3669783  0.45692325]
 [0.0175662  0.7189661 ]
 [0.3669783  0.7189661 ]]
Next generation:
[[0.3669783  0.7189661 ]
 [0.3669783  0.7189661 ]
 [0.48066032 0.706196  ]
 [0.5283148  0.88043225]
 [0.4576951  0.17256805]
 [0.         0.6917179 ]
 [0.3669783  0.65252656]
 [0.         0.71870875]
 [0.0175662  0.7189661 ]
 [0.         0.46103787]]
********************
Scores: [28460 28460 34395 39410 35990 25745 23800 26970 30250 31650]
Worst score: 23800
Selected population:
[[0.3669783  0.65252656]
 [0.         0.6917179 ]
 [0.         0.71870875]
 [0.3669783  0.7189661 ]]
Next generation:
[[0.3669783  0.7189661 ]
 [0.3669783  0.7189661 ]
 [0.08043876 1.        ]
 [0.3669783  0.6917179 ]
 [0.20687662 0.58667576]
 [0.         0.4907421 ]
 [0.5059164  0.80888283]
 [0.         1.        ]
 [0.         0.65252656]
 [0.3669783  0.71870875]]
********************
Scores: [26660 26660 36370 25240 30400 32075 39135 32965 24810 25195]
Worst score: 24810
Selected population:
[[0.         0.65252656]
 [0.3669783  0.71870875]
 [0.3669783  0.6917179 ]
 [0.3669783  0.7189661 ]]
Next generation:
[[0.3669783  0.7189661 ]
 [0.3669783  0.7189661 ]
 [0.01793349 0.5121134 ]
 [0.06102785 0.7347275 ]
 [0.3669783  0.7189661 ]
 [0.2674997  0.90112364]
 [0.04978743 0.8762258 ]
 [0.3669783  0.65252656]
 [0.3669783  0.71870875]
 [0.3669783  0.6917179 ]]
********************
Scores: [30410 30410 27575 32045 30410 26860 35550 23955 27395 25345]
Worst score: 23955
Selected population:
[[0.3669783  0.65252656]
 [0.3669783  0.6917179 ]
 [0.2674997  0.90112364]
 [0.3669783  0.71870875]]
Next generation:
[[0.3669783  0.71870875]
 [0.3669783  0.71870875]
 [0.7038353  0.71575   ]
 [0.48019198 0.9448325 ]
 [0.53461194 1.        ]
 [0.2674997  0.71870875]
 [0.46284622 1.        ]
 [0.         0.99607253]
 [0.2674997  0.6917179 ]
 [0.35942143 0.557402  ]]
********************
Scores: [25970 25970 35810 32455 37875 23045 37070 32185 24140 24540]
Worst score: 23045
Selected population:
[[0.2674997  0.71870875]
 [0.2674997  0.6917179 ]
 [0.35942143 0.557402  ]
 [0.3669783  0.71870875]]
Next generation:
[[0.3669783  0.71870875]
 [0.3669783  0.71870875]
 [0.22814988 0.50233895]
 [0.05989848 0.39627478]
 [0.2674997  0.557402  ]
 [0.2528354  0.9134042 ]
 [0.01185569 0.8837736 ]
 [0.3669783  0.6917179 ]
 [0.35942143 0.71870875]
 [0.2674703  1.        ]]
********************
Scores: [33960 33960 25500 30695 26680 29580 29135 30905 32535 33855]
Worst score: 25500
Selected population:
[[0.22814988 0.50233895]
 [0.2674997  0.557402  ]
 [0.01185569 0.8837736 ]
 [0.2528354  0.9134042 ]]
Next generation:
[[0.01185569 0.8837736 ]
 [0.2528354  0.9134042 ]
 [0.22814988 0.8837736 ]
 [0.         0.8923703 ]
 [0.04725514 0.7997606 ]
 [0.2528354  0.557402  ]
 [0.22814988 0.557402  ]
 [0.22814988 0.8837736 ]
 [0.18223643 0.6652715 ]
 [0.457227   0.2416271 ]]
********************
Scores: [29605 37105 31520 28420 28560 28455 27690 31520 25965 44325]
Worst score: 25965
Selected population:
[[0.18223643 0.6652715 ]
 [0.22814988 0.557402  ]
 [0.         0.8923703 ]
 [0.2528354  0.557402  ]]
Next generation:
[[0.2528354  0.557402  ]
 [0.2528354  0.557402  ]
 [0.13527867 0.93722737]
 [0.         1.        ]
 [0.04911989 1.        ]
 [0.18223643 0.557402  ]
 [0.         1.        ]
 [0.31754962 0.72943854]
 [0.         0.762232  ]
 [0.45831347 0.54717857]]
********************
Scores: [30390 30390 33575 31065 38500 30440 31065 34255 24460 33125]
Worst score: 24460
Selected population:
[[0.         0.762232  ]
 [0.2528354  0.557402  ]
 [0.2528354  0.557402  ]
 [0.18223643 0.557402  ]]
Next generation:
[[0.18223643 0.557402  ]
 [0.         0.762232  ]
 [0.         0.61209583]
 [0.6141186  0.46983597]
 [0.         0.71860534]
 [0.2528354  0.762232  ]
 [0.18223643 0.762232  ]
 [0.40373892 0.9911124 ]
 [0.         0.557402  ]
 [0.         0.557402  ]]
Worst mechanism: [0.       0.762232]
Time taken: 15607.49190044403 seconds
